1, 2
1, 3
1, 4
1, 5
1, 6
1, 7
1, 8
2, 3
2, 4
2, 5
2, 6
2, 7
2, 8
3, 4
3, 5
3, 6
3, 7
3, 8
9, 10
9, 11
9, 12
9, 13
9, 14
9, 15
9, 16
10, 11
10, 12
10, 13
10, 14
10, 15
10, 16
11, 12
11, 13
11, 14
11, 15
11, 16
17, 18
17, 19
17, 20
17, 21
17, 22
17, 23
17, 24
18, 19
18, 20
18, 21
18, 22
18, 23
18, 24
19, 20
19, 21
19, 22
19, 23
19, 24
25, 26
25, 27
25, 28
25, 29
25, 30
25, 31
25, 32
26, 27
26, 28
26, 29
26, 30
26, 31
26, 32
27, 28
27, 29
27, 30
27, 31
27, 32
33, 34
33, 35
33, 36
33, 37
33, 38
33, 39
33, 40
34, 35
34, 36
34, 37
34, 38
34, 39
34, 40
35, 36
35, 37
35, 38
35, 39
35, 40
41, 42
41, 43
41, 44
41, 45
41, 46
41, 47
41, 48
42, 43
42, 44
42, 45
42, 46
42, 47
42, 48
43, 44
43, 45
43, 46
43, 47
43, 48
49, 50
49, 51
49, 52
49, 53
49, 54
49, 55
49, 56
50, 51
50, 52
50, 53
50, 54
50, 55
50, 56
51, 52
51, 53
51, 54
51, 55
51, 56
57, 58
57, 59
57, 60
57, 61
57, 62
57, 63
57, 64
58, 59
58, 60
58, 61
58, 62
58, 63
58, 64
59, 60
59, 61
59, 62
59, 63
59, 64
65, 66
65, 67
65, 68
65, 69
65, 70
65, 71
65, 72
66, 67
66, 68
66, 69
66, 70
66, 71
66, 72
67, 68
67, 69
67, 70
67, 71
67, 72
73, 74
73, 75
73, 76
73, 77
73, 78
73, 79
73, 80
74, 75
74, 76
74, 77
74, 78
74, 79
74, 80
75, 76
75, 77
75, 78
75, 79
75, 80
81, 82
81, 83
81, 84
81, 85
81, 86
81, 87
81, 88
82, 83
82, 84
82, 85
82, 86
82, 87
82, 88
83, 84
83, 85
83, 86
83, 87
83, 88
89, 90
89, 91
89, 92
89, 93
89, 94
89, 95
89, 96
90, 91
90, 92
90, 93
90, 94
90, 95
90, 96
91, 92
91, 93
91, 94
91, 95
91, 96
97, 98
97, 99
97, 100
97, 101
97, 102
97, 103
97, 104
98, 99
98, 100
98, 101
98, 102
98, 103
98, 104
99, 100
99, 101
99, 102
99, 103
99, 104
105, 106
105, 107
105, 108
105, 109
105, 110
105, 111
105, 112
106, 107
106, 108
106, 109
106, 110
106, 111
106, 112
107, 108
107, 109
107, 110
107, 111
107, 112
113, 114
113, 115
113, 116
113, 117
113, 118
113, 119
113, 120
114, 115
114, 116
114, 117
114, 118
114, 119
114, 120
115, 116
115, 117
115, 118
115, 119
115, 120
121, 122
121, 123
121, 124
121, 125
121, 126
121, 127
121, 128
122, 123
122, 124
122, 125
122, 126
122, 127
122, 128
123, 124
123, 125
123, 126
123, 127
123, 128
129, 130
129, 131
129, 132
129, 133
129, 134
129, 135
129, 136
130, 131
130, 132
130, 133
130, 134
130, 135
130, 136
131, 132
131, 133
131, 134
131, 135
131, 136
137, 138
137, 139
137, 140
137, 141
137, 142
137, 143
137, 144
138, 139
138, 140
138, 141
138, 142
138, 143
138, 144
139, 140
139, 141
139, 142
139, 143
139, 144
145, 146
145, 147
145, 148
145, 149
145, 150
145, 151
145, 152
146, 147
146, 148
146, 149
146, 150
146, 151
146, 152
147, 148
147, 149
147, 150
147, 151
147, 152
153, 154
153, 155
153, 156
153, 157
153, 158
153, 159
153, 160
154, 155
154, 156
154, 157
154, 158
154, 159
154, 160
155, 156
155, 157
155, 158
155, 159
155, 160
161, 162
161, 163
161, 164
161, 165
161, 166
161, 167
161, 168
162, 163
162, 164
162, 165
162, 166
162, 167
162, 168
163, 164
163, 165
163, 166
163, 167
163, 168
169, 170
169, 171
169, 172
169, 173
169, 174
169, 175
169, 176
170, 171
170, 172
170, 173
170, 174
170, 175
170, 176
171, 172
171, 173
171, 174
171, 175
171, 176
177, 178
177, 179
177, 180
177, 181
177, 182
177, 183
177, 184
178, 179
178, 180
178, 181
178, 182
178, 183
178, 184
179, 180
179, 181
179, 182
179, 183
179, 184
185, 186
185, 187
185, 188
185, 189
185, 190
185, 191
185, 192
186, 187
186, 188
186, 189
186, 190
186, 191
186, 192
187, 188
187, 189
187, 190
187, 191
187, 192
193, 194
193, 195
193, 196
193, 197
193, 198
193, 199
193, 200
194, 195
194, 196
194, 197
194, 198
194, 199
194, 200
195, 196
195, 197
195, 198
195, 199
195, 200
201, 202
201, 203
201, 204
201, 205
201, 206
201, 207
201, 208
202, 203
202, 204
202, 205
202, 206
202, 207
202, 208
203, 204
203, 205
203, 206
203, 207
203, 208
209, 210
209, 211
209, 212
209, 213
209, 214
209, 215
209, 216
210, 211
210, 212
210, 213
210, 214
210, 215
210, 216
211, 212
211, 213
211, 214
211, 215
211, 216
217, 218
217, 219
217, 220
217, 221
217, 222
217, 223
217, 224
218, 219
218, 220
218, 221
218, 222
218, 223
218, 224
219, 220
219, 221
219, 222
219, 223
219, 224
225, 226
225, 227
225, 228
225, 229
225, 230
225, 231
225, 232
226, 227
226, 228
226, 229
226, 230
226, 231
226, 232
227, 228
227, 229
227, 230
227, 231
227, 232
233, 234
233, 235
233, 236
233, 237
233, 238
233, 239
233, 240
234, 235
234, 236
234, 237
234, 238
234, 239
234, 240
235, 236
235, 237
235, 238
235, 239
235, 240
241, 242
241, 243
241, 244
241, 245
241, 246
241, 247
241, 248
242, 243
242, 244
242, 245
242, 246
242, 247
242, 248
243, 244
243, 245
243, 246
243, 247
243, 248
249, 250
249, 251
249, 252
249, 253
249, 254
249, 255
249, 256
250, 251
250, 252
250, 253
250, 254
250, 255
250, 256
251, 252
251, 253
251, 254
251, 255
251, 256
257, 258
257, 259
257, 260
257, 261
257, 262
257, 263
257, 264
258, 259
258, 260
258, 261
258, 262
258, 263
258, 264
259, 260
259, 261
259, 262
259, 263
259, 264
265, 266
265, 267
265, 268
265, 269
265, 270
265, 271
265, 272
266, 267
266, 268
266, 269
266, 270
266, 271
266, 272
267, 268
267, 269
267, 270
267, 271
267, 272
273, 274
273, 275
273, 276
273, 277
273, 278
273, 279
273, 280
274, 275
274, 276
274, 277
274, 278
274, 279
274, 280
275, 276
275, 277
275, 278
275, 279
275, 280
281, 282
281, 283
281, 284
281, 285
281, 286
281, 287
281, 288
282, 283
282, 284
282, 285
282, 286
282, 287
282, 288
283, 284
283, 285
283, 286
283, 287
283, 288
289, 290
289, 291
289, 292
289, 293
289, 294
289, 295
289, 296
290, 291
290, 292
290, 293
290, 294
290, 295
290, 296
291, 292
291, 293
291, 294
291, 295
291, 296
297, 298
297, 299
297, 300
297, 301
297, 302
297, 303
297, 304
298, 299
298, 300
298, 301
298, 302
298, 303
298, 304
299, 300
299, 301
299, 302
299, 303
299, 304
305, 306
305, 307
305, 308
305, 309
305, 310
305, 311
305, 312
306, 307
306, 308
306, 309
306, 310
306, 311
306, 312
307, 308
307, 309
307, 310
307, 311
307, 312
313, 314
313, 315
313, 316
313, 317
313, 318
313, 319
313, 320
314, 315
314, 316
314, 317
314, 318
314, 319
314, 320
315, 316
315, 317
315, 318
315, 319
315, 320
321, 322
321, 323
321, 324
321, 325
321, 326
321, 327
321, 328
322, 323
322, 324
322, 325
322, 326
322, 327
322, 328
323, 324
323, 325
323, 326
323, 327
323, 328
329, 330
329, 331
329, 332
329, 333
329, 334
329, 335
329, 336
330, 331
330, 332
330, 333
330, 334
330, 335
330, 336
331, 332
331, 333
331, 334
331, 335
331, 336
337, 338
337, 339
337, 340
337, 341
337, 342
337, 343
337, 344
338, 339
338, 340
338, 341
338, 342
338, 343
338, 344
339, 340
339, 341
339, 342
339, 343
339, 344
345, 346
345, 347
345, 348
345, 349
345, 350
345, 351
345, 352
346, 347
346, 348
346, 349
346, 350
346, 351
346, 352
347, 348
347, 349
347, 350
347, 351
347, 352
353, 354
353, 355
353, 356
353, 357
353, 358
353, 359
353, 360
354, 355
354, 356
354, 357
354, 358
354, 359
354, 360
355, 356
355, 357
355, 358
355, 359
355, 360
361, 362
361, 363
361, 364
361, 365
361, 366
361, 367
361, 368
362, 363
362, 364
362, 365
362, 366
362, 367
362, 368
363, 364
363, 365
363, 366
363, 367
363, 368
369, 370
369, 371
369, 372
369, 373
369, 374
369, 375
369, 376
370, 371
370, 372
370, 373
370, 374
370, 375
370, 376
371, 372
371, 373
371, 374
371, 375
371, 376
377, 378
377, 379
377, 380
377, 381
377, 382
377, 383
377, 384
378, 379
378, 380
378, 381
378, 382
378, 383
378, 384
379, 380
379, 381
379, 382
379, 383
379, 384
385, 386
385, 387
385, 388
385, 389
385, 390
385, 391
385, 392
386, 387
386, 388
386, 389
386, 390
386, 391
386, 392
387, 388
387, 389
387, 390
387, 391
387, 392
393, 394
393, 395
393, 396
393, 397
393, 398
393, 399
393, 400
394, 395
394, 396
394, 397
394, 398
394, 399
394, 400
395, 396
395, 397
395, 398
395, 399
395, 400
401, 402
401, 403
401, 404
401, 405
401, 406
401, 407
401, 408
402, 403
402, 404
402, 405
402, 406
402, 407
402, 408
403, 404
403, 405
403, 406
403, 407
403, 408
409, 410
409, 411
409, 412
409, 413
409, 414
409, 415
409, 416
410, 411
410, 412
410, 413
410, 414
410, 415
410, 416
411, 412
411, 413
411, 414
411, 415
411, 416
417, 418
417, 419
417, 420
417, 421
417, 422
417, 423
417, 424
418, 419
418, 420
418, 421
418, 422
418, 423
418, 424
419, 420
419, 421
419, 422
419, 423
419, 424
425, 426
425, 427
425, 428
425, 429
425, 430
425, 431
425, 432
426, 427
426, 428
426, 429
426, 430
426, 431
426, 432
427, 428
427, 429
427, 430
427, 431
427, 432
433, 434
433, 435
433, 436
433, 437
433, 438
433, 439
433, 440
434, 435
434, 436
434, 437
434, 438
434, 439
434, 440
435, 436
435, 437
435, 438
435, 439
435, 440
441, 442
441, 443
441, 444
441, 445
441, 446
441, 447
441, 448
442, 443
442, 444
442, 445
442, 446
442, 447
442, 448
443, 444
443, 445
443, 446
443, 447
443, 448
449, 450
449, 451
449, 452
449, 453
449, 454
449, 455
449, 456
450, 451
450, 452
450, 453
450, 454
450, 455
450, 456
451, 452
451, 453
451, 454
451, 455
451, 456
457, 458
457, 459
457, 460
457, 461
457, 462
457, 463
457, 464
458, 459
458, 460
458, 461
458, 462
458, 463
458, 464
459, 460
459, 461
459, 462
459, 463
459, 464
465, 466
465, 467
465, 468
465, 469
465, 470
465, 471
465, 472
466, 467
466, 468
466, 469
466, 470
466, 471
466, 472
467, 468
467, 469
467, 470
467, 471
467, 472
473, 474
473, 475
473, 476
473, 477
473, 478
473, 479
473, 480
474, 475
474, 476
474, 477
474, 478
474, 479
474, 480
475, 476
475, 477
475, 478
475, 479
475, 480
481, 482
481, 483
481, 484
481, 485
481, 486
481, 487
481, 488
482, 483
482, 484
482, 485
482, 486
482, 487
482, 488
483, 484
483, 485
483, 486
483, 487
483, 488
489, 490
489, 491
489, 492
489, 493
489, 494
489, 495
489, 496
490, 491
490, 492
490, 493
490, 494
490, 495
490, 496
491, 492
491, 493
491, 494
491, 495
491, 496
497, 498
497, 499
497, 500
497, 501
497, 502
497, 503
497, 504
498, 499
498, 500
498, 501
498, 502
498, 503
498, 504
499, 500
499, 501
499, 502
499, 503
499, 504
505, 506
505, 507
505, 508
505, 509
505, 510
505, 511
505, 512
506, 507
506, 508
506, 509
506, 510
506, 511
506, 512
507, 508
507, 509
507, 510
507, 511
507, 512
513, 514
513, 515
513, 516
513, 517
513, 518
513, 519
513, 520
514, 515
514, 516
514, 517
514, 518
514, 519
514, 520
515, 516
515, 517
515, 518
515, 519
515, 520
521, 522
521, 523
521, 524
521, 525
521, 526
521, 527
521, 528
522, 523
522, 524
522, 525
522, 526
522, 527
522, 528
523, 524
523, 525
523, 526
523, 527
523, 528
529, 530
529, 531
529, 532
529, 533
529, 534
529, 535
529, 536
530, 531
530, 532
530, 533
530, 534
530, 535
530, 536
531, 532
531, 533
531, 534
531, 535
531, 536
537, 538
537, 539
537, 540
537, 541
537, 542
537, 543
537, 544
538, 539
538, 540
538, 541
538, 542
538, 543
538, 544
539, 540
539, 541
539, 542
539, 543
539, 544
545, 546
545, 547
545, 548
545, 549
545, 550
545, 551
545, 552
546, 547
546, 548
546, 549
546, 550
546, 551
546, 552
547, 548
547, 549
547, 550
547, 551
547, 552
553, 554
553, 555
553, 556
553, 557
553, 558
553, 559
553, 560
554, 555
554, 556
554, 557
554, 558
554, 559
554, 560
555, 556
555, 557
555, 558
555, 559
555, 560
561, 562
561, 563
561, 564
561, 565
561, 566
561, 567
561, 568
562, 563
562, 564
562, 565
562, 566
562, 567
562, 568
563, 564
563, 565
563, 566
563, 567
563, 568
569, 570
569, 571
569, 572
569, 573
569, 574
569, 575
569, 576
570, 571
570, 572
570, 573
570, 574
570, 575
570, 576
571, 572
571, 573
571, 574
571, 575
571, 576
577, 578
577, 579
577, 580
577, 581
577, 582
577, 583
577, 584
578, 579
578, 580
578, 581
578, 582
578, 583
578, 584
579, 580
579, 581
579, 582
579, 583
579, 584
585, 586
585, 587
585, 588
585, 589
585, 590
585, 591
585, 592
586, 587
586, 588
586, 589
586, 590
586, 591
586, 592
587, 588
587, 589
587, 590
587, 591
587, 592
593, 594
593, 595
593, 596
593, 597
593, 598
593, 599
593, 600
594, 595
594, 596
594, 597
594, 598
594, 599
594, 600
595, 596
595, 597
595, 598
595, 599
595, 600
601, 602
601, 603
601, 604
601, 605
601, 606
601, 607
601, 608
602, 603
602, 604
602, 605
602, 606
602, 607
602, 608
603, 604
603, 605
603, 606
603, 607
603, 608
609, 610
609, 611
609, 612
609, 613
609, 614
609, 615
609, 616
610, 611
610, 612
610, 613
610, 614
610, 615
610, 616
611, 612
611, 613
611, 614
611, 615
611, 616
617, 618
617, 619
617, 620
617, 621
617, 622
617, 623
617, 624
618, 619
618, 620
618, 621
618, 622
618, 623
618, 624
619, 620
619, 621
619, 622
619, 623
619, 624
625, 626
625, 627
625, 628
625, 629
625, 630
625, 631
625, 632
626, 627
626, 628
626, 629
626, 630
626, 631
626, 632
627, 628
627, 629
627, 630
627, 631
627, 632
633, 634
633, 635
633, 636
633, 637
633, 638
633, 639
633, 640
634, 635
634, 636
634, 637
634, 638
634, 639
634, 640
635, 636
635, 637
635, 638
635, 639
635, 640
641, 642
641, 643
641, 644
641, 645
641, 646
641, 647
641, 648
642, 643
642, 644
642, 645
642, 646
642, 647
642, 648
643, 644
643, 645
643, 646
643, 647
643, 648
649, 650
649, 651
649, 652
649, 653
649, 654
649, 655
649, 656
650, 651
650, 652
650, 653
650, 654
650, 655
650, 656
651, 652
651, 653
651, 654
651, 655
651, 656
657, 658
657, 659
657, 660
657, 661
657, 662
657, 663
657, 664
658, 659
658, 660
658, 661
658, 662
658, 663
658, 664
659, 660
659, 661
659, 662
659, 663
659, 664
665, 666
665, 667
665, 668
665, 669
665, 670
665, 671
665, 672
666, 667
666, 668
666, 669
666, 670
666, 671
666, 672
667, 668
667, 669
667, 670
667, 671
667, 672
