423.3075 0.0 218.3487 179.8541 100.7706 110.6503 104.1396 0 0 0 0 -1
462.61 249.2548 -0.0 181.7054 127.7595 117.9755 112.2656 224.0531 0.1112 -40.4592 14.9705 -1
225.8793 -0.0 171.4529 125.6582 77.6527 72.4867 56.8702 251.7435 0.3828 -43.2671 15.9529 -1
236.9926 -0.0 176.2123 125.8117 60.2577 74.3502 80.3755 253.5582 0.1318 -43.7549 15.9665 1
541.092 270.4622 0.0 189.9419 123.0777 111.5615 114.4205 254.8498 0.0666 -44.1586 15.9682 -1
243.3183 179.921 151.7416 -0.0 83.0698 60.6402 66.118 251.9047 0.4632 -43.3254 15.9579 -1
273.4386 0.0 213.2614 167.7173 71.7817 80.73 77.1109 224.0986 0.0432 -40.4774 14.9717 -1
274.6968 251.0296 0.0 189.796 75.4834 83.3647 95.1265 223.5959 0.0 -40.447 14.9531 1
279.6627 0.0 209.7628 178.7487 73.5198 85.3883 90.7108 254.7374 0.1062 -44.0986 15.9711 1
235.5714 0.0 176.3901 154.6064 73.2182 84.6992 81.5148 221.1224 0.285 -39.5408 14.9542 -1
253.4477 0.0 186.3987 153.2808 64.6813 69.6914 76.0026 252.5737 0.3791 -43.4688 15.9588 -1
727.7168 0.0 306.0054 248.9014 135.1944 145.7998 149.3927 255.2006 0.0 -44.2671 15.975 -1
685.8012 -0.0 318.1135 254.5616 156.4814 133.3468 148.3692 224.2194 0.0 -40.5242 14.974 1
445.3706 0.0 222.2847 189.8276 107.2732 126.5105 118.7335 246.845 0.5681 -42.0177 15.9187 -1
254.9147 235.706 -0.0 173.6188 93.3615 73.9956 84.4307 255.0089 0.0639 -44.1924 15.973 -1
256.0973 216.3538 177.7471 -0.0 98.8595 78.9851 81.9717 250.0535 0.3288 -42.843 15.9463 -1
254.797 204.9881 -0.0 104.1988 55.7257 62.7887 69.9003 253.7381 0.1324 -43.8101 15.9662 -1
497.2026 266.9597 0.0 199.2287 107.5028 127.9842 120.2611 223.857 0.0953 -40.3804 14.9681 -1
559.4662 0.0 232.5195 191.0464 115.9453 104.03 110.738 221.9051 0.3622 -39.7467 14.9524 1
393.413 0.0 192.8568 175.863 82.3284 96.9696 99.7919 223.0602 0.1243 -40.1129 14.962 -1
0.0 230.9994 192.229 145.6938 58.8296 75.0862 78.6872 254.2786 0.1457 -43.9499 15.9675 1
488.6194 276.1425 -0.0 196.7215 101.2729 129.1045 119.588 251.8752 0.4877 -43.3141 15.9527 -1
247.5962 -0.0 167.181 145.9963 53.4998 80.8766 66.528 223.7678 0.1189 -40.3612 14.9696 -1
0.0 221.6253 173.8158 117.4053 79.6771 68.4955 72.9811 0 0 0 0 -1
742.0458 -0.0 298.5506 227.9977 153.1726 144.2951 132.2033 395.9392 0.2835 -59.06 19.9517 -1
733.6354 0.0 323.9887 261.1832 160.3208 144.4438 151.0399 255.2006 0.0 -44.2671 15.975 -1
267.5745 193.5653 180.8457 0.0 85.4488 80.7902 75.7089 397.8223 0.102 -59.5552 19.9636 1
245.6764 180.6347 149.1362 -0.0 56.3431 62.4746 70.8251 0 0 0 0 -1
0.0 188.8877 170.8903 123.3951 72.9811 79.8458 0.0 249.2685 0.615 -42.6456 15.9445 1
224.3832 0.0 154.0852 129.7897 59.8343 72.5246 75.383 252.426 0.3841 -43.4323 15.9571 -1
0.0 232.1347 211.9695 147.8974 80.112 84.8549 87.0315 255.1273 0.0923 -44.2355 15.9737 -1
0.0 256.7739 172.6007 200.836 91.502 66.9333 80.4091 251.9967 0.3285 -43.3458 15.9491 -1
204.964 171.7347 -0.0 88.0101 61.5457 58.3363 55.4092 254.0333 0.2587 -43.8918 15.9681 -1
537.6893 0.0 232.312 197.1123 120.1868 111.1598 100.8465 219.6905 0.2449 -39.1731 14.9405 1
0.0 180.0055 144.9183 113.4408 65.6467 69.9888 0.0 254.3227 0.1792 -43.9774 15.9693 -1
240.1798 211.2741 0.0 161.6413 61.5941 88.4702 73.9609 254.2415 0.1321 -43.956 15.9691 -1
-0.0 243.3391 194.685 165.4606 64.3781 83.8609 77.7561 254.7871 0.1352 -44.1106 15.9706 -1
-0.0 254.9513 176.8957 197.0268 60.0371 76.9072 83.6193 254.6558 0.0709 -44.0748 15.9716 1
0.0 166.5224 124.6088 108.8763 73.9925 0.0 0.0 252.4132 0.3898 -43.4594 15.9598 -1
263.7937 233.5103 0.0 161.4876 88.3548 71.0519 75.742 254.0003 0.2186 -43.9017 15.9682 -1
498.644 0.0 205.7662 187.1942 91.9771 100.2764 110.1201 223.8956 0.068 -40.3999 14.9707 1
0.0 231.4536 224.9309 153.9505 58.9799 92.3705 78.4085 251.97 0.3081 -43.3227 15.9571 -1
189.0 63.0 0.0 0.0 0.0 0.0 0.0 255.2006 0.0 -44.2671 15.975 -1
0.0 198.4573 206.8165 160.4566 60.3504 71.4039 82.2638 254.0543 0.1973 -43.8754 15.9666 1
484.9143 0.0 218.8717 189.4406 107.386 113.3434 126.044 246.8795 0.5948 -41.9897 15.9195 -1
275.7184 0.0 201.3162 166.9874 65.6447 89.2511 79.6073 253.6638 0.3641 -43.7735 15.9632 -1
272.7216 221.5933 0.0 174.9215 91.9075 73.1284 80.3994 321.8761 0.1319 -51.5831 17.9662 -1
791.7626 0.0 315.5782 247.0447 140.3326 160.9795 154.1833 255.2006 0.0 -44.2671 15.975 -1
235.4917 0.0 186.2304 137.5455 58.9543 67.0263 78.8699 254.2934 0.2239 -43.9561 15.9678 -1
286.0987 238.4449 -0.0 183.75 96.1906 83.0012 88.9535 0 0 0 0 -1
239.6668 232.7424 0.0 170.2107 67.7514 93.029 82.1156 322.5117 0.152 -51.7545 17.9672 -1
264.895 180.9108 163.8882 -0.0 78.2657 66.0759 73.7394 0 0 0 0 1
765.5561 -0.0 317.4942 261.2007 138.5933 165.7183 151.2792 255.2006 0.0 -44.2671 15.975 -1
251.3036 203.4008 -0.0 158.9171 67.3077 88.6174 77.5829 253.7379 0.3219 -43.7795 15.9622 1
848.5824 -0.0 311.1402 247.4436 141.92 157.2061 162.7673 255.2006 0.0 -44.2671 15.975 -1
0.0 251.4371 206.3311 177.3739 65.5578 77.5982 88.5623 223.2912 0.2603 -40.3097 14.9507 -1
807.5704 -0.0 305.8356 240.5822 137.8745 162.5059 156.8753 255.2006 0.0 -44.2671 15.975 -1
478.3919 -0.0 225.8041 180.7665 94.9452 98.3978 105.4566 0 0 0 0 1
504.018 333.2603 -0.0 211.013 128.8354 123.8786 113.6002 223.5959 0.0 -40.447 14.9531 -1
0.0 165.5957 114.0128 128.0717 56.0335 68.2862 0.0 252.0086 0.3004 -43.3452 15.958 -1
792.7394 0.0 306.8283 239.7404 137.3933 161.8661 149.6274 255.2006 0.0 -44.2671 15.975 -1
481.6617 0.0 213.9133 164.1716 118.0188 110.5819 103.6358 220.3903 0.8664 -39.3592 14.9126 -1
0.0 217.1588 170.4753 121.6113 80.4206 65.3293 59.0048 252.3148 0.2281 -43.428 15.9591 -1
244.4161 -0.0 190.8517 151.2049 61.6849 82.9582 78.8243 254.5387 0.2567 -44.0206 15.9667 1
273.6271 199.663 164.2917 0.0 66.4337 71.3059 76.2386 223.4278 0.0964 -40.3793 14.9512 -1
220.0051 -0.0 144.9889 107.7676 50.5159 62.0388 68.6837 253.8724 0.1091 -43.84 15.9664 -1
264.1009 238.1816 0.0 169.2419 94.868 75.4555 80.1856 223.5068 0.2146 -40.2665 14.9651 -1
263.6503 -0.0 192.9693 128.5586 78.7482 74.0026 67.4476 254.7368 0.154 -44.1009 15.9711 -1
0.0 215.5585 195.4566 164.864 58.5852 72.3256 76.9618 0 0 0 0 -1
261.7472 0.0 191.9194 164.1935 67.9056 78.7622 76.1919 192.2101 0.7754 -36.1254 13.8887 -1
213.8309 -0.0 134.9912 149.658 59.7622 69.9026 67.8552 219.8393 0.6846 -39.2819 14.9128 -1
0.0 0.0 0.0 0.0 0.0 0.0 0.0 223.5959 0.0 -40.447 14.9531 1
-0.0 182.8618 209.5441 249.1005 70.2663 87.839 82.8917 218.961 0.4549 -39.035 14.9468 -1
224.3738 -0.0 169.9861 141.2085 82.1883 75.3868 68.8567 254.0985 0.2757 -43.9105 15.9685 -1
573.0721 0.0 212.4345 175.9062 99.8119 111.3124 115.4134 223.2256 0.3292 -40.1608 14.9618 -1
-0.0 257.0601 213.3345 184.3655 69.272 79.6195 89.3105 253.081 0.2393 -43.6244 15.9649 -1
234.4812 173.682 -0.0 120.3176 50.0328 68.6036 63.2229 222.178 0.1994 -39.8539 14.9566 -1
740.5043 -0.0 330.4843 248.4084 163.4786 140.2524 145.414 255.2006 0.0 -44.2671 15.975 1
231.7967 -0.0 173.392 142.3852 65.3336 78.8804 88.2121 248.1483 0.3621 -42.3962 15.9394 -1
689.2013 0.0 310.8482 237.3254 128.5815 135.5538 151.6482 255.2006 0.0 -44.2671 15.975 -1
250.6484 194.0605 163.7024 -0.0 65.2796 68.6072 77.3205 283.1583 0.8086 -46.7762 16.9089 -1
524.0951 283.9925 0.0 212.4223 115.4553 132.9853 124.6153 223.5612 0.3082 -40.2713 14.9632 -1
