126.5267
12.7279
30.4138
31.6386
31.4166
25.6515
35.242
115.7022
121.5319
117.3882
111.5796
127.3774
120.8098
23.2594
22.6936
20.7123
21.3073
27.2764
123.9556
22.1585
8.775
6.4031
10.4881
123.9556
5.7446
120.6068
122.1638
121.0124
114.1972
0.0
122.9715
22.0454
22.4944
24.8395
120.6068
27.3861
28.7793
45.3211
69.7496
66.7383
59.7829
76.433
68.8404
21.6622
47.8774
44.9917
36.2664
52.9457
46.6503
35.623
27.313
21.3542
35.4965
32.0156
121.0
6.1644
23.1948
24.8395
16.6733
20.2485
26.7021
124.6475
132.4953
131.9621
122.2334
137.6408
132.8232
25.4165
28.6531
21.6333
21.3073
30.1496
109.4132
90.0333
101.8332
101.7988
100.9455
93.7017
104.6805
28.1292
31.3728
32.2064
22.5
39.7146
31.5
14.3527
19.5192
13.0384
16.9115
18.9209
38.5908
13.8924
25.318
29.1376
28.9482
26.0
33.8526
27.0601
29.9541
30.7612
22.3663
35.7946
32.2839
17.2627
17.72
16.4012
18.2483
23.8537
140.3032
15.6525
30.3645
31.209
32.7719
24.1868
34.8425
130.123
137.7353
132.985
126.2814
142.8776
137.4445
19.0526
21.0
18.6279
18.9209
24.0624
34.3256
29.2233
22.0227
99.0505
16.1555
18.6279
16.3095
31.1006
31.3249
101.3916
23.4361
39.1184
29.8706
23.388
81.3695
24.2693
21.1896
25.9615
65.9848
6.1644
18.2757
22.5832
18.1659
16.7631
24.0416
63.4823
83.9405
82.28
79.8373
77.0779
87.909
21.2603
22.3607
17.2047
19.105
25.5734
25.6174
27.8747
12.2474
8.0623
11.7047
17.2337
8.2462
31.5634
30.7449
30.4836
20.2299
38.0821
31.91
24.9199
23.3666
17.9444
22.1811
27.2947
120.7974
6.7082
24.5967
24.2899
21.4942
27.4773
27.7308
116.1249
121.7087
117.635
109.3161
126.0595
119.4697
21.9545
23.6008
17.7482
27.313
25.8844
151.1754
24.1247
16.8819
28.7402
23.3452
27.4773
17.8326
143.7428
149.9166
149.92
141.3825
154.1071
148.1216
37.0
50.8527
42.0595
50.4876
38.9102
40.654
19.3391
84.534
12.5698
22.0454
11.5326
22.4499
32.6917
98.0854
32.3535
20.994
40.333
33.8932
72.0555
22.7596
21.9545
24.3516
32.7109
96.8362
75.3392
98.6002
92.3309
91.7061
88.0965
96.8194
31.0363
30.4344
30.4015
21.5465
37.5267
31.277
25.0998
24.5967
21.1187
21.3776
26.5707
128.4718
22.7376
12.4499
3.7417
7.3485
11.7473
7.6158
130.2613
136.4478
130.2651
121.8893
139.9464
132.6461
26.1916
25.632
24.5967
24.5967
28.6182
61.9193
11.1803
24.3721
21.8632
20.5183
18.8944
25.865
62.522
82.547
82.1949
82.1401
74.2765
85.668
23.2164
25.9422
22.0454
22.1811
27.0924
30.8221
28.6531
15.3623
5.3852
10.8628
17.1172
9.0
33.0606
33.4963
32.3883
22.6274
40.8044
33.4813
24.5967
24.454
22.0227
22.0
26.9072
122.2579
9.6437
122.2579
18.8149
17.2337
13.5647
19.799
117.1751
0.0
116.7262
108.8761
126.4081
117.2135
117.1751
22.6495
19.1311
20.4206
25.318
124.503
6.4031
25.7876
26.1151
22.6716
22.0227
28.7054
124.6355
129.4372
124.2457
116.5633
133.3642
127.063
22.4944
25.7876
21.3776
21.8632
27.2213
33.4178
5.7446
24.5357
21.4009
20.1494
20.1494
26.7395
30.7042
31.3488
30.2779
21.2309
38.3504
31.7923
22.9129
22.5167
18.6279
21.0476
26.4953
93.5695
69.7209
89.5656
84.0179
87.7382
83.7914
91.9402
32.5154
31.7844
31.197
21.0297
38.6943
31.5
20.9045
20.0499
20.025
20.0
24.6171
129.638
21.5639
16.0935
5.9161
17.8326
8.6023
12.9615
122.5194
127.55
124.1008
117.618
133.1991
126.578
19.3391
19.3391
19.2094
19.105
23.8537
133.514
16.1555
133.514
16.4317
16.9706
10.8167
19.5192
129.9577
0.0
131.5067
118.9033
139.5314
129.6804
129.9577
26.5895
18.4662
24.4131
30.7246
117.6775
18.7083
19.0
12.083
12.2474
13.9284
14.5258
120.2414
124.3423
119.4571
111.0405
129.9769
121.8975
23.2594
28.3901
22.1359
24.3721
27.2213
30.4508
7.1414
12.6886
22.3383
21.2132
21.5407
28.178
31.0685
33.2303
30.0208
20.573
37.0304
30.7124
17.1464
19.5959
20.7123
21.0476
28.6531
118.7645
11.225
28.4781
26.1916
22.9347
27.074
29.6816
125.8928
129.3445
126.115
120.5778
136.0662
127.5382
23.3452
26.3059
22.0454
23.0434
27.4773
34.1541
12.8062
13.6015
21.7945
19.799
14.8661
20.6155
31.504
31.0242
33.2791
22.7266
38.1903
33.4141
22.7376
25.671
22.7156
21.095
27.0
118.9664
10.0499
30.0167
26.5895
23.9583
26.1916
33.6155
123.2558
122.9146
119.5073
112.4144
129.4488
121.0413
22.7156
23.2809
20.2237
20.6155
28.3373
126.9724
10.4881
33.2866
24.1868
23.7908
17.3494
23.7908
118.3638
125.8173
122.5928
114.9348
129.6572
122.9553
37.8153
25.7876
24.4131
23.0868
27.2029
29.5466
11.5758
30.5941
34.7131
25.02
31.305
33.9411
34.0735
34.2491
33.6155
23.3452
40.6079
33.6006
26.8701
27.9106
22.0454
23.1084
28.6705
26.1773
25.5343
11.3137
9.9499
16.1245
17.2916
9.4868
33.6341
32.0819
32.73
18.3098
40.5123
34.1358
21.4476
23.7276
16.2481
21.2368
32.8329
36.9121
17.4929
70.8802
14.9666
20.9045
70.8802
20.0749
33.8009
91.9048
31.4722
24.0312
91.9048
32.117
63.3246
28.4605
30.249
63.3246
33.121
31.4682
19.105
7.0711
18.3848
13.4164
16.8819
15.5563
35.5704
34.8174
33.8415
25.1843
41.8479
35.373
23.6854
24.2281
24.1039
23.1084
28.3373
26.1582
14.7986
25.807
16.4012
18.5472
22.9129
26.9258
29.5677
29.0215
29.6859
19.7547
35.9757
31.277
23.1733
21.6795
21.6102
21.3073
28.8097
114.8956
19.0526
28.3196
19.6977
18.8414
22.5832
25.5734
120.7228
128.2926
125.5906
115.7325
133.3979
127.9258
25.318
25.671
19.8997
23.0
28.4429
135.9632
15.9374
18.412
18.4932
20.3224
23.2809
21.9317
126.2299
132.0644
128.3043
119.8457
137.9203
129.9962
27.6586
28.3901
23.7697
36.4692
32.0156
121.7087
13.3791
30.2324
27.0
27.8209
27.4591
29.3087
111.0405
124.5592
120.0167
113.7058
129.0465
122.5806
26.9258
20.2485
19.7231
25.4755
24.3311
28.0535
12.3693
13.6748
23.7697
15.6205
21.4709
21.1187
35.0714
29.1204
31.209
21.6102
37.6563
29.2746
21.6795
25.3772
19.8242
23.5372
26.2488
135.9522
5.4772
21.2838
25.807
20.2485
21.9089
28.8617
135.0
140.5205
137.073
127.1102
147.6855
139.3485
24.4336
26.0384
20.8327
22.4054
30.4795
137.135
13.4536
24.4336
27.6586
28.3549
22.1133
33.4963
125.8372
131.6776
129.9115
121.3507
137.9891
131.5979
21.9089
20.8327
20.025
20.6398
28.931
112.8007
5.1962
25.1794
24.8596
20.0749
21.4243
27.2213
112.5122
116.9701
114.9696
105.9198
122.1597
115.8663
25.632
23.0
19.8997
20.199
26.8701
118.4103
10.0499
15.3297
20.025
17.3781
19.799
22.2935
117.771
122.2538
118.676
110.9009
128.0664
122.0082
23.622
23.5372
21.8403
23.4307
28.3196
126.4476
9.798
34.1028
31.8748
27.8209
27.0
37.3497
126.4476
131.6435
127.9101
119.1428
136.0147
129.4372
24.5561
24.1661
19.7484
19.8242
28.6182
100.7224
79.3032
102.1274
97.4372
95.8228
92.0761
105.693
31.0161
31.5436
31.9218
21.4709
38.9487
34.1467
25.3969
26.3249
20.9045
22.383
31.8434
118.6971
7.2111
25.6125
26.7769
22.8473
27.4773
31.8434
124.0202
125.8292
123.1097
116.0043
132.778
124.7197
21.2603
22.1133
20.5426
21.0476
27.3861
35.2172
9.434
26.0
30.0167
26.3439
27.5318
32.1559
30.7124
31.4046
32.5768
22.1642
39.7398
32.9583
23.2594
22.9347
19.8746
23.2164
27.2213
100.3606
85.8371
106.2968
104.024
100.444
102.6207
109.6631
30.7612
30.8585
30.0042
18.8481
37.4199
31.3568
20.4695
21.9317
17.9165
19.0526
25.5734
136.1102
19.105
136.1102
17.0294
15.4272
16.6433
136.1102
130.8472
0.0
128.0547
122.262
141.5804
0.0
130.8472
21.6564
20.6155
20.9762
130.8472
127.3146
8.544
21.4709
22.9129
23.5584
19.0788
29.3428
120.0417
129.4372
126.3566
118.5664
134.6143
131.7042
19.5448
18.9737
17.1464
19.2094
26.4953
9.6047
20.347
39.6358
42.0238
34.4674
37.6962
37.9078
18.3098
42.4058
42.193
34.2381
39.4367
40.3144
26.4764
26.1916
16.7929
24.2281
25.5147
0.0
0.0
0.0
0.0
0.0
0.0
0.0
0.0
0.0
0.0
0.0
0.0
0.0
0.0
0.0
0.0
0.0
0.0
129.7729
19.9499
12.1655
13.4164
11.7047
10.4881
129.7729
128.0352
131.8977
126.9685
119.733
139.7176
0.0
18.8149
18.2757
18.1384
21.587
128.0352
130.7326
13.1909
20.7123
21.4709
17.4642
17.8326
26.0192
126.1784
134.3801
132.416
123.2153
138.7552
134.3801
25.7099
31.8277
23.2164
28.0713
34.4819
17.5926
20.9045
29.4449
27.5318
20.6155
32.0312
31.4484
29.6564
27.8298
26.7862
18.4797
35.0785
27.3404
16.9115
21.6564
18.868
18.1384
24.2487
89.3588
15.3948
15.0333
21.4709
22.9129
17.1464
27.8209
75.921
103.2424
91.7932
101.183
88.9213
108.7152
28.7576
25.02
29.6311
23.7276
38.1969
122.3479
14.5258
27.313
29.5804
28.0357
24.2899
28.0713
109.4989
123.4544
122.0901
113.7497
127.8319
121.5936
28.8617
28.0713
24.1039
26.8514
27.6225
29.056
12.5698
23.5372
18.3576
16.3095
20.5426
23.0217
34.0624
33.2002
34.0771
24.1299
41.1248
34.0918
23.1517
24.5967
21.3542
21.2132
26.9072
125.3994
12.4499
13.9284
24.8797
24.7184
21.7715
21.7945
129.7305
132.246
128.5846
123.4747
138.2353
130.499
24.1039
31.496
34.4674
26.096
30.4631
55.8659
11.5326
31.0
30.6105
29.0689
24.0416
33.121
65.3911
85.4985
86.0116
84.7113
77.4403
88.3063
20.8327
23.9583
19.8997
17.2337
24.2899
135.9485
16.4012
24.9199
23.0434
26.5707
17.0294
29.6311
123.6325
130.4492
125.5428
116.1034
137.3827
128.203
32.619
29.8329
27.0
30.249
37.2156
30.8018
10.3441
19.0263
18.412
21.2132
24.0208
20.2731
37.7723
31.9805
33.2077
23.6379
41.3128
31.9492
26.6271
28.0
31.257
31.7175
29.5973
132.2309
16.1864
23.622
21.4709
23.0217
22.3159
23.0
117.6478
129.8807
124.5713
117.8007
133.9589
128.4757
30.4959
22.6495
22.0454
30.133
28.4429
131.5371
19.2614
18.4662
4.899
10.8628
16.4317
15.0333
134.5102
138.6038
135.7719
127.9687
146.1985
138.4558
20.0499
20.4695
19.3132
20.1246
24.1868
123.1056
14.7309
17.4929
24.2693
23.2164
17.2337
24.0208
111.2025
119.637
115.7325
105.3376
123.5071
119.1386
23.3452
23.0217
17.9444
20.0499
26.7582
22.2149
8.3066
20.6155
26.8514
24.2693
31.4484
25.1396
17.4213
26.7862
31.9922
35.2491
44.1645
30.7815
19.7484
21.7715
21.7715
29.9666
21.7486
35.5985
11.225
17.2916
17.7482
18.1384
11.8743
18.4391
31.5159
30.4179
31.0685
20.8866
37.4199
30.9395
24.1868
24.9199
20.6155
22.1133
25.9615
24.9299
14.7648
31.3209
32.0156
26.1151
34.8855
35.6371
32.749
33.3242
32.1481
22.3495
39.9937
33.053
24.1868
23.0434
22.2261
23.2164
28.3196
32.0195
8.9443
26.0
29.5296
24.3516
27.5862
31.4484
31.197
32.5154
32.0819
21.5928
38.6297
32.928
23.7487
23.1517
20.025
22.1133
27.3679
24.6424
12.0
18.2757
20.5426
17.9722
21.3073
20.6398
31.1006
31.7214
30.9233
20.9583
38.5
31.4046
25.5734
21.3073
24.2281
22.0454
25.9615
23.8065
16.5529
28.0
33.0
21.4243
31.5278
22.4944
17.3997
31.6662
33.4477
15.7718
36.6163
25.3525
35.3553
37.2156
20.3224
38.2099
26.3818
25.6027
9.6954
23.2809
28.0891
22.4499
27.6586
30.9354
27.5772
25.3476
26.0288
17.7059
32.6113
27.6315
21.3542
22.1585
19.2354
21.2368
26.5895
40.1123
31.8277
55.7136
49.2341
45.2659
63.2772
51.1468
10.2956
25.4755
25.3969
17.3781
30.545
26.0192
31.4484
31.4484
23.4094
39.0
31.7648
71.3653
8.124
30.8869
32.3265
27.3861
27.6767
33.1813
74.7462
98.0663
91.8368
90.912
88.5946
97.1288
25.02
24.5967
19.7484
21.4009
26.1725
103.4263
11.0454
103.4263
30.1496
22.561
12.083
28.0713
97.3499
0.0
127.0905
118.7013
103.976
126.7636
97.3499
31.8904
22.8254
21.9545
29.9666
59.0169
36.6197
59.0169
59.0169
28.6531
76.6159
59.0169
87.2582
0.0
0.0
79.5362
127.5343
0.0
87.2582
87.2582
21.4009
41.3401
87.2582
41.1522
19.0263
31.9687
43.1856
36.2767
34.9428
40.4969
24.0104
31.265
35.7141
23.3131
39.4652
34.1687
21.9545
32.45
20.347
26.7021
30.4302
22.644
12.5698
113.424
45.618
38.4318
113.424
113.424
13.0671
100.4428
41.8659
29.4746
100.4428
100.4428
102.4256
48.2597
37.9605
102.4256
102.4256
57.1161
59.5399
13.1529
13.6015
12.8062
69.1158
7.6811
12.5399
59.1883
56.2428
51.0906
26.2155
53.7796
61.498
61.2862
55.7584
37.4967
57.5326
136.2167
24.1661
13.0384
136.2167
21.4709
5.4772
29.7153
112.7963
127.5186
0.0
116.2153
137.6699
129.1356
16.7929
112.7963
11.7047
26.3439
35.819
95.7653
20.1494
11.9164
19.2094
34.1906
23.5372
20.8327
100.2048
105.5699
104.5275
117.4989
113.4945
111.6826
21.1187
22.1133
19.0
20.8806
21.9545
16.2481
27.0185
5.0
36.8103
33.0
28.8097
13.3791
19.1311
16.8819
45.8148
41.6293
40.3733
26.4386
24.2281
62.6817
58.6089
55.5518
40.1123
33.3204
10.4403
35.2278
20.2731
20.0499
18.0278
21.6564
27.4636
31.957
36.9358
32.2529
44.6122
25.5979
25.0998
22.4944
11.0905
21.5407
17.6068
137.1167
23.4521
21.4942
20.2485
17.9722
10.0499
19.2094
116.3658
134.5697
133.2554
119.5073
139.2839
132.8533
33.2265
31.8748
13.4536
30.0167
30.348
72.1249
33.541
42.19
46.0435
53.9166
34.0147
48.1144
98.3616
112.0446
110.6797
119.7873
100.7422
116.2454
23.0
20.9045
23.622
21.4009
23.2809
