117 36 32 0 0 0 105 39 29 99 60 37 98 60 24 92 55 31 108 60 31 97 65 31 0 0 0 47 42 28 55 61 37 57 64 24 62 56 31 47 63 31 58 67 31 1554 0 1.0
104 65 18 0 0 0 111 44 17 102 62 26 102 64 12 94 62 19 0 0 0 100 69 19 0 0 0 47 46 23 56 68 30 56 69 18 61 60 22 47 69 22 57 72 23 8962 0 1.0
0 0 0 0 0 0 107 57 31 101 79 37 101 80 26 94 72 29 109 78 30 98 84 31 63 81 27 44 61 31 56 82 37 55 81 26 59 70 27 46 83 29 57 85 31 0 11557 1.0
112 32 32 0 0 0 106 32 35 102 53 40 102 53 25 95 45 30 107 59 31 100 57 32 60 57 27 46 36 33 52 50 42 53 52 25 61 43 33 45 54 33 55 56 31 1331 40 1.0
131 62 43 0 0 0 129 39 50 121 75 47 118 86 34 113 76 38 122 87 36 120 76 42 137 51 28 66 55 41 74 73 47 80 81 31 81 65 38 64 75 37 81 85 36 28814 2763 1.0
0 0 0 0 0 0 110 53 30 103 72 35 102 72 22 96 62 26 113 71 25 101 75 27 58 54 29 40 50 25 61 73 31 62 72 22 65 74 27 46 70 25 65 79 27 0 7597 1.0
0 0 0 0 0 0 111 55 29 106 73 38 107 69 18 98 66 25 118 70 25 96 89 27 41 68 29 46 50 24 0 0 0 52 69 35 62 65 23 45 74 20 59 80 23 0 12778 1.0
0 0 0 0 0 0 108 46 35 99 69 43 99 68 28 92 60 33 109 68 33 97 71 35 0 0 0 46 46 38 57 68 43 56 67 30 61 60 33 46 67 34 57 70 35 0 0 1.0
109 60 32 0 0 0 118 40 38 112 65 43 110 63 30 102 58 33 120 64 33 109 67 35 0 0 0 55 46 38 60 67 43 63 68 30 68 59 33 52 66 33 63 70 35 8721 0 1.0
47 37 16 0 0 0 47 32 26 54 53 33 56 56 22 61 49 25 45 54 24 57 57 29 0 0 0 112 36 25 104 55 32 103 56 18 98 51 24 110 60 23 102 60 24 476 0 1.0
117 58 32 0 0 0 111 39 38 106 60 46 106 61 32 98 57 38 115 60 38 104 66 40 61 66 32 45 43 38 55 64 46 56 64 32 62 57 38 45 65 38 57 67 40 15 67 1.0
113 33 33 0 0 0 111 25 28 0 0 0 105 46 22 98 39 27 115 45 27 103 49 27 55 47 37 45 36 29 56 54 34 57 54 22 62 47 27 46 53 27 61 60 27 14334 2144 1.0
28 54 16 0 0 0 41 59 24 50 75 27 50 75 14 55 67 19 41 76 18 52 78 19 110 48 27 104 56 23 98 74 27 99 69 12 92 67 18 106 74 18 97 76 19 4 4524 1.0
112 46 29 0 0 0 110 47 35 103 68 39 100 69 26 95 61 29 111 68 29 100 72 31 0 0 0 51 47 29 59 65 35 59 66 22 65 58 25 50 67 25 61 69 27 5291 0 1.0
0 0 0 0 0 0 105 40 38 100 61 46 98 62 33 92 57 38 108 61 38 98 66 40 51 43 37 35 44 39 46 64 46 45 62 32 51 59 40 37 64 38 48 67 40 0 6899 -1.0
0 0 0 0 0 0 106 59 22 100 81 29 101 81 16 94 78 21 110 78 21 99 87 23 43 68 16 45 66 21 55 85 29 56 85 16 60 77 22 46 87 22 58 89 23 0 5995 -1.0
0 0 0 0 0 0 110 42 30 102 60 37 102 61 24 95 54 30 111 62 30 100 65 31 0 0 0 45 44 30 53 62 37 53 61 23 61 56 29 45 64 30 56 66 31 0 0 -1.0
0 0 0 0 0 0 107 45 28 101 70 34 101 71 21 95 61 25 111 67 25 99 75 27 42 56 39 42 45 29 53 72 34 52 68 21 58 61 25 43 70 26 54 72 27 0 6205 -1.0
106 71 23 0 0 0 107 51 31 101 68 38 101 68 24 93 64 33 109 70 31 98 73 33 0 0 0 49 52 34 58 71 42 57 69 28 63 63 33 49 71 33 59 73 35 9 0 -1.0
119 52 31 0 0 0 118 38 39 0 0 0 109 63 38 103 48 35 120 62 35 106 66 35 0 0 0 55 43 39 63 63 43 63 62 29 69 53 35 52 59 35 64 67 35 17198 0 -1.0
106 44 26 0 0 0 111 29 36 105 50 44 102 55 29 96 45 33 114 53 33 103 55 35 0 0 0 42 36 34 52 56 43 52 58 29 58 50 33 42 58 33 54 61 35 6411 0 -1.0
111 42 36 0 0 0 104 46 31 98 69 36 100 61 21 92 60 25 109 64 26 97 71 28 43 48 34 42 47 27 44 60 38 50 63 19 58 60 25 43 68 26 56 72 27 2432 15285 -1.0
0 0 0 0 0 0 107 47 31 97 73 37 100 69 24 94 63 29 107 69 29 96 74 31 51 44 24 43 52 35 55 74 39 53 71 26 59 66 29 44 71 29 57 77 31 0 6391 -1.0
42 59 37 0 0 0 42 37 44 44 57 49 51 79 40 55 61 42 32 91 32 50 72 45 36 45 23 81 47 28 95 75 45 98 68 32 91 63 38 107 69 38 97 72 40 15066 16544 -1.0
110 39 22 0 0 0 115 40 32 107 60 41 105 64 28 101 57 33 116 63 33 104 65 35 0 0 0 44 41 33 55 64 41 54 65 27 59 57 33 45 64 33 56 68 35 2786 0 -1.0
125 60 41 0 0 0 123 50 41 115 70 47 114 74 34 110 65 39 127 70 39 113 76 39 60 61 49 60 51 41 69 71 47 69 74 34 76 67 39 60 72 39 70 76 39 2920 10647 -1.0
113 30 22 0 0 0 114 36 30 104 56 34 104 55 21 98 48 27 114 56 25 101 61 27 0 0 0 49 35 34 57 57 36 57 56 22 64 51 27 48 55 27 60 62 27 37 0 -1.0
112 47 37 0 0 0 107 40 31 94 75 37 102 64 23 93 60 31 109 63 31 99 66 31 0 0 0 49 45 34 58 68 39 61 73 25 65 60 31 49 67 31 61 71 31 17445 0 -1.0
0 0 0 0 0 0 108 29 34 100 52 44 101 51 27 94 42 35 112 50 35 98 57 35 46 26 43 40 33 36 52 56 43 53 56 27 57 47 35 42 56 35 54 58 35 0 3584 -1.0
106 21 47 0 0 0 105 25 41 101 43 46 100 45 31 94 41 38 112 42 38 99 51 37 56 49 39 38 31 41 48 49 47 49 50 32 54 33 39 39 52 38 56 58 36 916 4746 -1.0
104 40 33 0 0 0 112 40 32 104 63 39 102 64 24 96 57 29 111 65 29 101 69 31 44 48 28 45 31 32 0 0 0 56 56 24 64 54 27 0 0 0 59 61 31 13475 29084 -1.0
26 40 10 0 0 0 39 42 11 44 61 21 46 66 8 53 60 14 35 64 13 46 66 15 100 58 24 110 46 13 100 65 23 99 67 8 92 62 14 108 69 14 97 71 16 833 3048 -1.0
0 0 0 0 0 0 98 40 36 94 63 41 93 64 30 87 56 33 102 61 33 92 66 35 46 45 23 39 44 36 50 64 40 48 61 26 56 57 33 41 65 33 53 69 33 0 2000 -1.0
99 58 6 0 0 0 106 53 23 99 77 27 99 76 14 92 67 21 109 75 17 98 80 19 0 0 0 43 60 26 53 79 30 53 80 18 58 72 21 43 81 21 55 84 23 4043 0 -1.0
99 66 22 0 0 0 104 64 25 95 87 31 95 90 17 90 80 21 106 85 22 93 92 23 0 0 0 47 68 24 56 91 31 58 92 18 61 82 21 46 89 22 57 94 23 6647 0 -1.0
119 58 31 0 0 0 114 43 33 106 69 38 105 69 26 99 61 29 109 79 30 103 73 31 39 57 45 49 53 38 57 74 42 57 73 29 64 68 34 47 73 34 59 76 35 13124 2754 -1.0
112 37 30 0 0 0 101 40 23 101 65 33 102 60 20 94 58 27 109 64 26 101 64 27 120 24 27 46 47 29 54 65 37 57 68 24 61 58 29 47 68 28 57 70 31 14040 1908 -1.0
0 0 0 0 0 0 110 53 33 100 74 39 101 75 25 97 67 29 112 73 29 98 79 31 56 58 31 47 48 23 67 83 27 60 72 17 65 63 22 53 73 21 63 76 23 0 13798 -1.0
0 0 0 0 0 0 121 46 20 113 65 24 113 64 9 106 58 16 124 64 14 111 67 16 59 47 26 51 42 18 62 60 23 63 62 8 67 53 14 55 65 15 65 64 15 0 5649 -1.0
119 59 29 0 0 0 120 57 24 112 79 31 110 80 17 104 70 21 123 79 21 108 85 23 0 0 0 49 63 28 60 83 35 62 85 21 67 75 26 50 85 25 63 87 27 19229 0 -1.0
127 39 34 0 0 0 117 39 25 113 59 33 114 59 20 105 55 26 122 59 26 110 67 27 49 42 32 58 41 25 64 62 33 64 63 20 72 56 26 56 63 26 67 68 27 11513 7392 -1.0
102 32 36 0 0 0 103 33 31 95 56 39 97 55 28 89 47 33 105 53 33 94 58 35 0 0 0 43 38 32 52 55 42 53 58 28 59 51 34 44 60 34 56 62 35 7885 0 -1.0
103 46 36 0 0 0 107 39 30 100 61 35 100 60 22 93 55 25 109 62 26 99 66 27 0 0 0 46 49 33 55 68 39 56 68 25 62 62 29 48 70 29 58 73 31 9204 0 -1.0
116 33 38 0 0 0 112 41 42 105 64 47 106 63 34 99 55 37 116 60 38 103 68 39 0 0 0 55 48 38 65 65 43 67 67 30 71 57 37 56 65 37 68 69 35 5086 0 -1.0
0 0 0 0 0 0 110 48 39 102 72 45 102 74 33 97 64 37 113 71 37 100 76 39 0 0 0 48 48 41 58 71 45 58 71 33 63 62 37 47 70 37 61 77 39 0 0 -1.0
0 0 0 0 0 0 115 63 15 106 83 22 107 82 9 100 75 15 116 82 14 105 85 15 0 0 0 59 65 20 60 79 23 61 81 9 67 74 15 50 78 14 62 83 15 0 0 -1.0
110 30 33 0 0 0 114 36 33 106 54 41 106 56 28 99 50 34 115 57 34 103 61 35 0 0 0 50 34 38 59 56 45 58 55 32 66 49 37 50 57 37 61 59 39 11623 0 -1.0
29 43 42 0 0 0 40 45 36 48 67 42 48 65 28 55 59 33 39 68 32 49 69 35 105 38 38 101 41 30 95 62 38 95 62 23 88 56 29 104 64 29 93 67 31 145 2231 -1.0
0 0 0 0 0 0 99 62 32 95 82 39 94 83 26 86 76 33 103 81 34 92 88 31 0 0 0 38 70 32 47 87 39 49 88 26 54 78 33 39 89 33 51 92 31 0 0 -1.0
0 0 0 0 0 0 107 59 29 100 77 35 100 80 21 93 71 25 111 78 25 96 86 27 58 67 16 48 59 29 55 78 35 55 81 22 62 72 25 44 78 26 58 86 27 0 2295 -1.0
0 0 0 0 0 0 107 59 29 100 77 35 100 80 21 93 71 25 111 78 25 96 86 27 58 67 16 48 59 29 55 78 35 55 81 22 62 72 25 44 78 26 58 86 27 0 2295 -1.0
111 74 27 0 0 0 116 56 23 0 0 0 106 71 11 100 68 18 120 74 13 0 0 0 0 0 0 61 60 29 66 76 33 67 75 15 73 73 23 59 79 23 70 83 23 14538 0 -1.0
108 63 24 0 0 0 100 63 21 97 81 28 98 79 11 89 76 19 106 81 18 95 89 20 81 94 18 40 71 21 49 85 28 49 86 11 55 79 19 42 90 18 53 92 20 904 272 -1.0
37 76 18 0 0 0 30 72 12 48 94 26 47 91 12 51 83 15 39 95 17 50 94 19 48 78 21 66 69 18 87 83 26 89 80 12 82 74 17 85 84 17 85 86 19 1139 2794 -1.0
104 72 29 0 0 0 111 54 34 104 70 41 108 64 19 96 64 32 114 75 30 0 0 0 0 0 0 47 55 34 56 72 40 56 73 22 62 67 31 46 76 29 59 79 31 5645 0 -1.0
98 55 23 0 0 0 108 34 32 100 53 38 101 51 25 94 46 30 108 53 31 99 55 31 43 31 36 54 37 30 57 52 38 57 53 23 64 50 30 51 55 30 60 60 32 62 2405 -1.0
113 59 29 0 0 0 111 48 36 105 72 43 103 78 29 98 67 33 111 76 34 101 81 36 118 61 23 47 52 34 56 73 43 55 71 28 62 68 34 48 74 34 57 75 35 5341 33 -1.0
0 0 0 0 0 0 103 59 38 95 73 43 95 74 27 89 70 33 104 75 33 93 81 35 62 45 30 44 53 37 49 68 43 53 71 29 58 65 33 42 70 31 54 75 35 0 1717 -1.0
50 61 42 0 0 0 48 48 34 59 73 43 56 69 23 66 71 29 45 71 29 63 83 31 0 0 0 107 55 35 104 75 43 99 74 23 103 73 31 0 0 0 96 84 31 25919 0 -1.0
109 48 28 0 0 0 98 45 19 96 72 29 96 73 19 89 67 23 104 71 22 95 72 24 26 55 24 40 58 24 53 77 34 55 80 20 58 70 25 45 81 25 56 81 27 7537 208 -1.0
0 0 0 0 0 0 110 54 24 101 77 30 102 76 17 96 69 21 111 75 21 99 80 23 49 61 15 42 58 25 52 78 31 52 79 17 58 72 23 42 79 22 54 82 23 0 4 -1.0
110 45 40 0 0 0 119 38 35 110 58 45 107 66 27 99 66 33 118 64 33 107 66 35 104 45 51 49 42 35 58 61 42 58 59 27 65 56 34 48 63 33 61 67 34 19603 7 -1.0
36 40 15 0 0 0 42 44 24 50 61 33 51 66 21 56 58 26 40 61 26 51 66 29 0 0 0 108 44 24 98 64 34 97 69 23 95 55 26 107 64 26 97 67 29 37 0 -1.0
120 41 49 0 0 0 110 28 49 104 60 51 105 56 40 96 50 42 117 57 44 102 64 44 46 46 49 39 35 49 51 62 51 51 60 37 58 52 43 39 61 43 53 65 44 11819 7962 -1.0
125 62 16 0 0 0 113 65 18 107 84 24 107 85 9 99 77 15 116 86 13 104 90 15 45 63 14 38 56 17 50 79 23 50 80 9 60 78 14 44 87 14 52 82 15 20 25603 -1.0
112 54 45 0 0 0 103 44 36 98 73 44 101 66 31 92 63 38 105 74 38 99 72 39 45 52 46 52 48 38 57 67 46 58 68 32 65 66 39 53 74 38 60 75 39 10986 7712 -1.0
121 60 38 0 0 0 106 64 40 101 81 47 100 82 31 93 77 37 111 82 37 99 87 39 0 0 0 45 69 42 52 86 49 53 86 34 60 80 40 46 89 39 56 91 41 224 0 -1.0
106 75 21 0 0 0 115 62 32 107 79 39 108 79 23 100 74 30 117 82 31 105 84 33 46 57 19 46 63 30 54 80 40 55 82 23 62 76 30 46 84 30 58 86 32 149 19 -1.0
103 55 39 0 0 0 97 46 29 92 68 35 92 67 21 84 58 26 102 65 25 91 72 27 39 48 39 33 55 29 46 74 36 46 74 21 51 66 29 38 77 27 49 79 29 269 8 -1.0
0 0 0 0 0 0 110 33 20 98 64 27 101 58 17 96 49 22 112 55 22 100 60 23 74 35 35 76 36 27 78 55 32 68 53 16 63 53 23 55 57 23 72 57 23 0 986 -1.0
0 0 0 0 0 0 107 39 34 100 60 42 100 59 28 93 55 33 111 58 33 98 64 35 42 52 35 44 41 34 55 61 42 55 63 30 60 54 34 46 63 33 56 64 35 0 2897 -1.0
0 0 0 0 0 0 87 135 32 0 0 0 97 64 33 0 0 0 0 0 0 0 0 0 33 41 35 61 40 32 0 0 0 95 67 35 0 0 0 0 0 0 89 59 37 0 40 -1.0
108 71 31 0 0 0 108 57 37 105 77 45 103 78 29 95 74 37 114 78 35 103 80 37 52 54 42 43 65 38 54 85 46 54 84 31 61 78 37 46 88 37 58 89 39 132 1288 -1.0
49 41 35 0 0 0 56 45 27 58 66 34 60 69 22 67 60 26 50 65 26 61 72 29 118 48 35 118 52 27 108 72 35 108 72 21 102 64 26 116 74 26 105 76 29 653 1099 -1.0
0 0 0 0 0 0 101 47 29 97 67 35 97 67 20 89 63 25 106 66 25 95 73 27 47 55 34 39 51 26 50 73 33 48 69 19 58 66 25 40 73 25 51 74 27 0 11934 -1.0
58 51 42 0 0 0 103 45 38 116 69 43 115 68 29 110 62 34 121 69 33 112 73 35 67 45 51 70 34 39 75 69 39 75 70 31 78 52 34 70 72 35 72 60 35 8571 15037 -1.0
120 62 31 0 0 0 106 60 28 99 78 35 99 81 22 93 73 25 108 79 25 97 84 27 54 55 31 51 61 24 61 77 34 62 80 21 66 73 25 54 82 25 64 84 27 4011 6915 -1.0
0 0 0 0 0 0 108 59 27 100 76 35 98 79 19 93 73 23 109 76 23 98 84 27 55 81 15 46 59 32 55 80 37 0 0 0 62 77 29 44 80 30 58 82 31 0 16052 -1.0
43 71 31 0 0 0 97 57 21 51 76 36 62 78 23 63 69 28 114 68 24 54 83 30 48 57 25 79 51 29 100 73 37 92 79 23 91 71 27 108 77 27 94 79 29 2880 23069 1.0
41 46 36 0 0 0 45 51 31 54 74 35 53 72 21 58 65 26 44 72 27 55 75 28 113 40 25 109 51 31 100 72 35 101 69 20 94 63 29 108 73 26 99 73 28 3909 4 1.0
39 48 23 0 0 0 41 45 18 49 63 26 49 65 12 55 55 18 39 64 18 52 68 20 0 0 0 102 41 16 96 61 24 95 63 10 89 55 14 105 61 13 94 66 17 349 0 1.0
