47 42 28 5853 5818 1554 0 1.0
47 46 23 7066 6628 8962 0 1.0
44 61 31 6407 6770 0 11557 1.0
46 36 33 5696 6157 1331 40 1.0
66 55 41 5428 7126 28814 2763 1.0
40 50 25 7577 6889 0 7597 1.0
46 50 24 5843 5923 0 12778 1.0
46 46 38 7542 7487 0 0 1.0
55 46 38 6519 6699 8721 0 1.0
112 36 25 5659 5272 476 0 1.0
45 43 38 6517 6725 15 67 1.0
45 36 29 6200 6396 14334 2144 1.0
104 56 23 5873 5921 4 4524 1.0
51 47 29 5387 6238 5291 0 1.0
35 44 39 7724 7642 0 6899 -1.0
45 66 21 6138 6252 0 5995 -1.0
45 44 30 5804 6103 0 0 -1.0
42 45 29 7244 7387 0 6205 -1.0
49 52 34 6109 6546 9 0 -1.0
55 43 39 5566 5797 17198 0 -1.0
42 36 34 7589 7512 6411 0 -1.0
42 47 27 6488 6636 2432 15285 -1.0
43 52 35 6363 6426 0 6391 -1.0
81 47 28 4329 8811 15066 16544 -1.0
44 41 33 5839 5690 2786 0 -1.0
60 51 41 6753 6896 2920 10647 -1.0
49 35 34 5973 6047 37 0 -1.0
49 45 34 6021 6038 17445 0 -1.0
40 33 36 8973 9321 0 3584 -1.0
38 31 41 5916 6262 916 4746 -1.0
45 31 32 7764 7473 13475 29084 -1.0
110 46 13 7037 7385 833 3048 -1.0
39 44 36 6001 6082 0 2000 -1.0
43 60 26 7326 7775 4043 0 -1.0
47 68 24 6316 6895 6647 0 -1.0
49 53 38 7501 8028 13124 2754 -1.0
46 47 29 5747 6411 14040 1908 -1.0
47 48 23 6786 6459 0 13798 -1.0
51 42 18 5929 6719 0 5649 -1.0
49 63 28 7283 7672 19229 0 -1.0
58 41 25 6795 7059 11513 7392 -1.0
43 38 32 6244 6780 7885 0 -1.0
46 49 33 6764 7485 9204 0 -1.0
55 48 38 7130 7107 5086 0 -1.0
48 48 41 7116 7307 0 0 -1.0
59 65 20 6199 7172 0 0 -1.0
50 34 38 6540 6733 11623 0 -1.0
101 41 30 6795 7201 145 2231 -1.0
38 70 32 7244 7478 0 0 -1.0
48 59 29 6736 7005 0 2295 -1.0
48 59 29 6736 7005 0 2295 -1.0
61 60 29 5173 5050 14538 0 -1.0
40 71 21 8027 8040 904 272 -1.0
66 69 18 3258 5143 1139 2794 -1.0
47 55 34 7255 7366 5645 0 -1.0
54 37 30 5020 4800 62 2405 -1.0
47 52 34 5953 6033 5341 33 -1.0
44 53 37 6271 6067 0 1717 -1.0
107 55 35 5931 6573 25919 0 -1.0
40 58 24 7246 7565 7537 208 -1.0
42 58 25 6841 6996 0 4 -1.0
49 42 35 6778 6839 19603 7 -1.0
108 44 24 5908 5897 37 0 -1.0
39 35 49 7680 7756 11819 7962 -1.0
38 56 17 8203 8282 20 25603 -1.0
52 48 38 5475 5578 10986 7712 -1.0
45 69 42 7592 7839 224 0 -1.0
46 63 30 8397 8511 149 19 -1.0
33 55 29 8974 9312 269 8 -1.0
76 36 27 1194 9264 0 986 -1.0
44 41 34 7035 7438 0 2897 -1.0
61 40 32 76 6201 0 40 -1.0
43 65 38 7751 7955 132 1288 -1.0
118 52 27 5388 5779 653 1099 -1.0
39 51 26 6875 6989 0 11934 -1.0
70 34 39 9882 2419 8571 15037 -1.0
51 61 24 6833 7193 4011 6915 -1.0
46 59 32 6556 6721 0 16052 -1.0
79 51 29 327 10265 2880 23069 1.0
109 51 31 6154 6595 3909 4 1.0
102 41 16 6610 6687 349 0 1.0
