198.84738079161824 143.99271032923951 1.2692021658845073e-15 59.39258712061369 47.16170663751182 52.99026268173381 51.61535243928305 1.0
140.61797681966164 8.12726297125659e-16 59.183452120691385 28.639805017854307 32.72985353190104 30.82891250989176 0.0 1.0
167.00672451579362 129.19698944152074 -2.068018681900954e-14 39.51669039236074 45.82629312795098 49.36461937797171 53.08868314440196 1.0
285.2500967348268 159.0262946309259 5.317981542844129e-16 77.50204877439741 69.42371877473379 58.96047858951958 53.83736249559642 1.0
630.9173960581936 -1.4365588539464994e-15 217.98930239063057 122.52988237211231 118.73868088558329 110.08203505838156 113.7427032350981 1.0
174.0363587488925 72.03939488195977 1.1628217392884632e-14 28.34775241102941 31.964023657398094 36.85613801596506 34.75633228475529 1.0
161.05842143308985 133.98857790984997 1.4856503342120074e-14 50.34939008588878 46.42728075187924 40.69799509639384 43.47833472289825 1.0
120.59528529319851 89.47078804451594 6.406243263657634e-15 42.242752320845256 33.910013757273674 37.781160584166486 0.0 1.0
168.40371684492018 131.06109276260142 1.591512091118041e-14 53.412994389823986 45.09434219284394 49.02785380981081 42.99999999999999 1.0
347.7132147681263 218.11542337717404 1.948936495722894e-14 96.54117135010648 70.46291819695114 84.29358255015806 80.87368975748379 1.0
194.16223361718403 139.34249619571804 5.4231526281248335e-15 46.75679494925399 50.35956004154229 57.91897451202819 55.459940684273576 1.0
142.84597981049126 112.68076605337619 -4.776168993293408e-15 46.93733719278319 41.48093519227947 34.948322478945876 37.10665927212395 1.0
587.7358166927443 7.907546047339273e-15 196.2305786561683 113.0462907797688 108.11244193668426 105.44979789543407 103.42507403920112 -1.0
140.168058599236 92.40137331411708 -1.700504094599934e-15 24.64952861942356 28.422668839838675 34.78929149662115 35.5690791307635 -1.0
139.43046187274584 93.353604452248 -6.669910228574378e-15 45.71887859055074 33.49902367763859 37.9980314068167 0.0 -1.0
166.61269139296658 103.04866981890504 2.0600451149700256e-14 34.85635203607668 37.987585881545506 41.230890500310984 40.26381037019518 -1.0
148.77392766556528 118.70238225236359 -9.107454439158548e-15 30.63603620728654 51.261579837439974 40.987033001666795 41.63904103567827 -1.0
449.6856094953762 227.9180706984394 -5.6272467232009534e-14 82.83423301050759 108.38688255009963 95.27485327459969 101.9003509709775 -1.0
178.9202532448703 147.19089399366356 3.115340567685874e-15 45.252062808720076 54.75485025046196 51.47765923654638 50.40428046573782 -1.0
154.5259513328014 115.41480177947065 1.8101198326235717e-14 34.9877732750645 37.560889781456574 43.006454291005184 46.50412954020176 -1.0
182.69710486572166 139.68970069458595 4.8848296860669314e-15 57.804475857955794 50.58390557535594 43.95662767640896 47.268185329971665 -1.0
184.5324302518605 145.70754129894974 -1.2701976474903882e-14 63.00739723969247 41.47682646823393 47.75919333729132 49.51661140397221 -1.0
202.26754323261176 155.2576863405757 4.880476126179415e-14 48.58622789889882 60.98994500490664 58.100085292015066 54.79851223099175 -1.0
162.4054746950822 99.64003103846456 5.15684729217834e-15 38.88135444689438 35.677041524493724 31.39609829506535 32.0 -1.0
2.842170943040401e-14 138.92255233322837 89.38007425713 44.19265468505003 51.50471872459168 0.0 0.0 -1.0
165.13997549582444 103.48663338362238 -3.978728504089036e-15 30.947710333303533 37.667920668408065 40.318514117192045 42.43924600164964 -1.0
165.36053649461948 152.34217297728742 -1.641980853252985e-14 38.51936455482984 52.912805655451 48.46769761245368 44.3974227053589 -1.0
167.54326746028488 126.74958633639093 1.4136699569749019e-14 38.22000217141402 43.39460984086345 54.31643514045464 49.776099050592016 -1.0
192.4347303606341 133.92446743776307 -5.779960576618104e-15 56.56634079994445 50.029975638083805 43.547056681843536 45.49742908173096 -1.0
185.36943674530013 145.98002596371688 4.065540154644201e-14 54.95204714604683 52.47843452218725 48.806035445576434 46.41402017717234 -1.0
167.58682988011356 128.07860392215215 5.9005393491882625e-15 55.19935105452672 48.272218803758676 40.93381176182568 43.929184577623204 -1.0
178.49156758084894 140.5319903802948 -2.0054103333434506e-14 56.835821972581535 42.862386483681405 45.74169889417403 47.536534688419614 -1.0
161.99143636753283 124.85908957557847 -2.4003748261186903e-14 39.76898735229743 43.249776256100624 51.766414490041505 48.364295958448885 -1.0
155.5959752161092 118.37769884525389 -7.127702193031432e-15 47.74468462593257 37.95174906181813 39.82011030868491 42.50978194220135 -1.0
202.75233215384225 140.68266587955497 1.4853339524015358e-14 49.802857423347604 56.437330484992835 62.32481405826252 46.000000000000014 -1.0
666.0809306541992 -5.011008734612554e-15 231.21685013031777 132.63677310872245 125.07965569285372 118.53482056267019 114.45096985123733 -1.0
687.4907250768761 -1.1138178530714536e-14 187.958970693821 110.20277422778652 121.14965015088356 117.30323832873864 113.89464152189502 -1.0
173.84579428352285 131.42863174885287 3.081740668500482e-14 55.062281349598436 43.01809957639931 46.656801873482785 47.988391168144126 -1.0
707.8260794999451 -5.4479914545207884e-15 210.5438035325487 131.4284929099158 118.21824969507284 122.46399543600049 125.5193789265178 -1.0
100.11657912244705 83.30114592077452 2.5451636938840965e-14 37.156109776770364 35.42616518000804 0.0 0.0 -1.0
153.0500264063497 120.06225769592581 -3.160529294168578e-14 50.5422835299074 38.392369112058674 39.953063255758266 40.0 -1.0
247.83984491926225 160.43431514471948 3.9476123270316764e-15 51.812904229352114 66.84727039063617 63.62756335813116 61.43810195789945 -1.0
112.90094684842171 76.54168948172425 8.09072373982259e-15 29.33917009150795 30.859554227480785 30.358639350865385 0.0 -1.0
185.40948848650459 132.57388459500254 1.4295597644200615e-14 56.74951809663756 49.17144029306943 41.18822568208819 44.90744284669709 -1.0
189.71709035446005 136.86729778475436 5.126615539226808e-15 59.56972118767684 48.751484248277904 44.125259509281626 40.96914691554907 -1.0
188.58225116433147 162.4722184075686 4.4948135556597625e-14 50.60587150759657 56.40408874206344 54.99093678323417 52.94463339520585 -1.0
189.66900149188677 133.5818909672552 1.1832386383477876e-14 38.81335449535222 48.41503010191001 52.803032336422255 56.71769060717365 -1.0
191.12811744977694 131.74662755578913 2.4989195652811514e-14 42.579846332470424 55.54131345729025 49.074740791348226 51.9293544133253 -1.0
205.2639588861453 156.95908479684718 1.058988160330964e-14 62.658469604537856 47.95439093610376 52.40439193151415 54.75970384485216 -1.0
187.84075490794118 129.0407433915076 -1.3584410118499607e-14 53.77940928915005 50.53815695253113 47.40055720356952 45.40037825530036 -1.0
177.53988038968077 147.93595352512202 -1.7695166284607048e-14 43.75231418115356 52.588623766164176 51.40926764721372 46.77396049066566 -1.0
197.97816945964013 134.09641280178698 -1.5858726891414335e-14 43.43585184324294 55.97050627392307 49.42735807081841 51.09170155058836 -1.0
142.56616086981023 97.12729855169121 1.9812162229911686e-14 24.583127021849563 30.503368085510708 36.784059110020294 38.43598636111817 -1.0
150.93182549191732 135.09044209754245 6.356887413232215e-17 48.670488595357696 43.938811526290436 37.739829652120804 39.62860263677127 -1.0
181.2927917302688 137.7322131462025 -4.079308888857785e-15 55.966614200509184 45.11862821444114 50.90071718371678 48.989035524861755 -1.0
211.61413543163937 172.7893796394722 3.885731018103453e-14 42.98414154386206 52.00568416690752 65.11426514406503 69.49239407405378 -1.0
172.5301929092099 133.1123391097454 -2.4822448749522564e-14 53.873527877566566 41.97735234390687 45.48764517680126 49.01894258276994 -1.0