50.8929 4.8588 -6.1649 14.7477 1.0
51.2743 5.5279 -6.5072 14.8682 1.0
56.9097 4.0987 -3.1014 13.4056 1.0
50.4258 7.713 -3.4793 13.4167 1.0
69.5927 7.4728 -3.5255 14.9914 1.0
56.1792 5.9271 -5.2165 14.8101 1.0
41.544 7.5676 -5.2391 12.8566 1.0
77.6984 4.268 -4.5904 12.0442 1.0
59.2385 3.0212 -3.6281 15.0711 1.0
43.1091 4.4968 -4.1457 13.1735 1.0
79.4576 3.4045 -5.4047 12.0296 1.0
42.6208 7.3648 -3.5817 14.8624 1.0
82.9541 3.7795 -7.5624 12.8574 1.0
48.2872 3.8949 -3.9633 12.8069 1.0
43.6519 7.1074 -4.6755 13.0409 -1.0
50.5354 2.925 -6.123 14.708 -1.0
45.2701 2.7715 -5.3797 14.8121 -1.0
50.5686 3.5437 -5.2474 13.9056 -1.0
49.872 2.9831 -5.6184 14.7462 -1.0
36.3235 3.064 -3.4042 14.7061 -1.0
49.9745 2.8133 -5.5914 14.8369 -1.0
46.3046 3.6263 -5.8525 14.7942 -1.0
65.7642 2.3333 -3.4843 15.0141 -1.0
49.5425 2.8977 -5.9815 15.7336 -1.0
47.942 2.8585 -4.9435 15.8002 -1.0
60.2909 2.5516 -4.1943 15.9016 -1.0
54.0661 2.3122 -2.0298 15.9765 -1.0
37.3974 2.8198 -3.6935 11.7377 -1.0
47.0048 2.8539 -4.3622 12.7959 -1.0
53.5916 2.6266 -2.8186 12.8843 -1.0
48.003 2.8181 -5.5935 12.7831 -1.0
55.0786 2.4924 -3.2416 12.9285 -1.0
36.3504 3.1622 -1.816 14.6894 -1.0
47.3791 2.799 -5.4798 14.8277 -1.0
43.8975 3.653 -3.8026 11.4871 -1.0
33.3092 2.2027 -3.2421 11.655 -1.0
42.8263 7.7573 -4.7989 11.8008 -1.0
45.4493 2.813 -3.6079 12.8035 -1.0
48.0648 3.6063 -5.5109 14.8757 -1.0
50.6716 1.6599 -5.4213 14.8969 -1.0
45.6245 5.5463 -4.3253 14.8616 -1.0
58.3784 5.5899 -6.4393 14.8682 -1.0
50.2138 5.738 -5.688 14.871 -1.0
52.956 7.2407 -6.8526 15.036 -1.0
56.3924 8.3008 -2.1607 15.0329 -1.0
69.1857 8.7714 -3.9716 11.8145 -1.0
47.5221 8.8434 -5.4867 14.7287 -1.0
46.1955 8.545 -5.9934 14.8934 -1.0
66.727 8.8139 -1.1564 11.8089 -1.0
45.5901 6.775 -2.9909 14.7837 -1.0
41.0191 6.8408 -4.4725 14.7518 -1.0
44.7293 5.2399 -3.6356 13.5695 -1.0
75.7217 3.9225 -10.9887 15.1351 -1.0
56.0056 3.0758 -6.1844 14.6678 -1.0
56.0056 3.0758 -6.1844 14.6678 -1.0
73.6405 8.3064 -5.6658 15.0662 -1.0
67.6918 8.4192 -9.5907 15.0097 -1.0
79.9462 5.2449 -9.6179 13.7168 -1.0
117.1158 3.6645 -15.5427 12.2529 -1.0
57.0608 7.4447 -7.7632 14.9302 -1.0
68.3829 7.2758 -4.7356 12.0142 -1.0
67.4665 8.4697 -8.9958 12.9474 -1.0
50.8186 8.5815 -6.3267 12.9086 -1.0
58.1424 2.3143 -2.7945 12.9779 -1.0
51.2428 3.6203 -6.4125 12.9015 -1.0
43.2381 3.0246 -4.3155 14.7292 -1.0
47.3366 4.3522 -2.6502 13.2881 -1.0
38.5135 4.1546 -3.3382 14.6647 -1.0
59.9961 4.9804 -3.9719 15.1179 -1.0
56.4631 4.8041 -4.2366 14.7803 -1.0
74.1082 2.294 -4.3617 15.0176 -1.0
47.2338 3.4627 -3.0169 14.6442 -1.0
60.8088 4.6825 -8.3117 12.8307 -1.0
43.5046 4.9227 -3.9298 14.745 -1.0
14.4142 3.2662 -3.8108 15.7494 -1.0
64.5932 3.5966 -2.7799 14.9042 -1.0
55.3329 2.6782 -3.3713 14.1273 -1.0
54.3927 2.5282 -3.9508 14.9144 -1.0
70.3402 3.073 -2.984 16.7751 -1.0
56.4658 2.4301 -6.9899 14.9165 1.0
61.9015 3.256 -4.1652 13.2717 1.0
46.9997 2.9637 -5.2148 13.3147 1.0
45.5129 8.8549 -3.5675 16.5781 -1.0
54.5063 8.3724 -2.8306 16.5059 -1.0
28.8375 2.8224 -3.7818 16.3823 1.0
75.3829 4.3019 -4.1148 16.6629 1.0
74.8153 3.0447 -4.6896 16.9334 1.0
64.7398 2.6692 -3.8431 14.2674 1.0
56.0076 2.1572 -2.9809 13.4912 -1.0
72.5587 7.4407 -9.8936 16.7768 1.0
87.9811 7.3801 -10.0344 14.5246 1.0
59.7379 7.9863 -6.4792 13.2362 1.0
41.5673 7.6324 -5.6234 15.5563 1.0
47.393 3.7336 -3.1404 16.5258 1.0
36.3289 2.2152 -7.1361 13.2278 1.0
44.3957 4.563 -4.2315 15.8569 1.0
83.5665 3.1347 -3.8957 11.8385 -1.0
64.7436 4.8923 -1.4045 15.3489 -1.0
68.0649 4.488 -7.6271 15.3973 -1.0
53.0598 3.471 -3.4941 15.3539 -1.0
75.5477 3.371 -2.361 15.6212 -1.0
80.2221 3.4038 -1.5451 15.2233 -1.0
71.3101 3.2725 -2.4786 15.1044 -1.0
63.3062 3.4199 -3.1343 15.9239 -1.0
85.7955 3.4966 -2.0403 15.962 -1.0
56.1008 3.5697 -2.3779 15.3652 -1.0
50.9947 2.4479 -1.684 15.0613 -1.0
47.9561 2.9735 -2.3893 15.3556 -1.0
68.1194 2.9938 -2.929 15.8734 -1.0
48.3838 3.9194 -9.7449 13.942 -1.0
54.2491 9.5739 -5.5856 13.0183 -1.0
61.2625 8.3685 -1.6697 13.3627 -1.0
77.6573 8.8448 -5.654 13.7079 -1.0
73.9104 8.6083 -3.5504 13.035 -1.0
