57.4129 4.9368 -6.1465 15.4833 1.0
57.1756 6.1779 -6.4432 15.0613 1.0
58.1946 4.9015 -2.4507 13.8707 1.0
45.8881 2.1712 -4.2968 12.8734 1.0
65.7663 1.5256 -3.7003 14.0202 1.0
63.4175 6.3252 -5.0315 15.0657 1.0
36.3785 1.9693 -5.4761 14.5596 1.0
83.1792 4.3282 -3.6871 15.7746 1.0
59.905 3.433 -3.3718 15.7552 1.0
51.1685 5.0331 -4.1003 13.4466 1.0
83.581 4.2879 -4.776 15.074 1.0
45.657 2.4684 -3.0964 15.8506 1.0
89.3939 4.1608 -6.5764 17.6139 1.0
56.5278 3.0986 -3.3829 15.1631 1.0
53.0135 2.8281 -4.2783 13.0904 -1.0
59.8255 3.6577 -5.508 15.1219 -1.0
46.6939 2.8549 -4.8953 15.4271 -1.0
52.6195 4.2643 -4.6296 14.6157 -1.0
57.3957 3.9592 -5.304 15.1859 -1.0
41.1755 3.1989 -2.9141 15.592 -1.0
41.7502 2.6881 -6.224 14.6327 -1.0
46.5017 2.7857 -5.4051 15.4554 -1.0
56.4753 1.6346 -4.0359 15.0042 -1.0
41.4456 2.1945 -6.3742 14.0717 -1.0
43.3847 2.2211 -5.6192 14.3065 -1.0
55.6918 1.8131 -4.2994 14.7646 -1.0
48.9944 1.6759 -3.0165 14.5573 -1.0
46.3855 2.8849 -3.5783 15.384 -1.0
45.3379 2.0468 -5.2109 14.5029 -1.0
46.5262 2.602 -3.654 14.1916 -1.0
48.6041 3.2566 -4.6602 15.4389 -1.0
47.7096 2.1491 -3.9119 14.6992 -1.0
40.0687 3.3775 -1.6209 15.1202 -1.0
41.8491 1.8587 -5.7226 14.0792 -1.0
49.6955 4.1488 -3.6022 16.695 -1.0
25.7205 2.7969 -4.1223 13.9674 -1.0
49.776 3.4812 -4.0062 15.5642 -1.0
55.3597 3.8626 -3.0622 14.3341 -1.0
48.3262 3.2084 -5.2238 15.3344 -1.0
45.7408 1.9913 -5.5242 14.3897 -1.0
36.1783 1.6937 -5.2422 14.6239 -1.0
52.8681 2.0033 -6.5173 14.6414 -1.0
47.46 2.7224 -6.4986 14.0208 -1.0
54.8228 2.7409 -6.8054 15.992 -1.0
60.8012 2.4459 -2.0874 15.9481 -1.0
67.0401 2.4562 -4.205 16.002 -1.0
57.0448 3.162 -5.3554 15.5658 -1.0
50.3036 2.7532 -5.1761 15.6372 -1.0
71.4967 2.8396 -0.8579 17.537 -1.0
36.9667 2.038 -3.6171 14.7171 -1.0
46.8744 3.3273 -4.0572 14.8996 -1.0
36.1687 4.8462 -4.5873 12.587 -1.0
85.4418 4.3282 -10.9301 15.7151 -1.0
51.4249 2.2212 -6.8573 14.1073 -1.0
49.4179 2.2661 -6.3785 14.4065 -1.0
74.5271 3.0518 -5.0695 15.8102 -1.0
66.8885 2.2384 -10.4472 14.7258 -1.0
88.5573 5.6898 -8.6919 14.0699 -1.0
115.6281 3.129 -15.8771 11.8603 -1.0
54.4984 1.5763 -8.7612 14.594 -1.0
61.3008 1.5975 -5.4658 14.8421 -1.0
77.3006 2.6234 -8.2805 14.9711 -1.0
60.6428 2.8539 -6.2015 15.8733 -1.0
51.9911 1.3772 -3.1329 14.4263 -1.0
50.9591 1.7526 -7.0606 14.3274 -1.0
48.3904 3.6527 -3.4006 14.9545 -1.0
54.4496 2.6575 -2.3873 14.0113 -1.0
39.1757 3.6941 -3.0507 14.9795 -1.0
69.8546 5.0734 -3.0421 15.258 -1.0
57.4584 3.4709 -4.1556 14.8499 -1.0
69.5891 1.5895 -5.3335 14.7799 -1.0
38.6142 2.7233 -3.4729 14.4648 -1.0
61.6928 3.5472 -8.0557 17.7486 -1.0
51.1624 3.4553 -3.8945 15.6707 -1.0
15.2169 3.7811 -3.7688 15.9768 -1.0
64.7181 3.3832 -1.8863 15.7314 -1.0
51.8247 2.6543 -3.8548 14.0829 -1.0
52.8635 2.4249 -4.2921 14.6502 -1.0
61.6979 2.5127 -3.9207 16.0238 -1.0
63.0741 2.5395 -6.9099 15.13 1.0
68.803 3.9324 -3.4123 14.1124 1.0
41.7951 6.0499 -5.6596 12.4761 1.0
51.2762 3.2292 -3.5513 16.6215 -1.0
41.4306 2.5056 -2.4823 17.1707 -1.0
32.4476 1.8333 -4.5669 14.7566 1.0
28.0454 1.4955 -4.1966 15.3844 1.0
33.1894 6.0218 -4.6904 13.5373 1.0
64.2665 4.3101 -4.2903 13.9819 1.0
59.3844 2.2209 -2.3538 13.5971 -1.0
72.1312 8.4212 -8.9664 17.3589 1.0
63.7517 3.0413 -10.6776 13.696 1.0
54.5334 2.5639 -7.0835 13.0969 1.0
32.3144 7.916 -6.2306 15.5152 1.0
56.253 7.9785 -2.6059 16.895 1.0
38.4359 8.9306 -6.462 13.3394 1.0
41.3681 1.887 -4.9805 15.8048 1.0
91.0661 3.7042 -3.1243 27.9178 -1.0
63.1946 4.5134 -1.9644 30.9841 -1.0
64.129 2.4642 -7.6664 47.2068 -1.0
53.1057 4.634 -3.6264 42.6788 -1.0
19.9557 2.8975 -2.6943 39.5639 -1.0
72.8978 3.1177 -2.6177 42.95 -1.0
62.4855 2.5247 -2.5894 50.6134 -1.0
74.1893 4.0009 -1.8278 43.8661 -1.0
89.1101 4.2245 -0.3935 32.9188 -1.0
54.6486 4.0952 -1.4409 43.9396 -1.0
47.9776 1.8089 -2.0978 46.1931 -1.0
40.2334 3.0474 -4.0285 49.2605 -1.0
42.6774 2.5842 -4.6379 36.5638 -1.0
83.8582 4.5309 -8.6398 33.6074 -1.0
43.4156 9.0427 -4.1773 42.0963 -1.0
73.6914 8.7956 -0.6279 33.0713 -1.0
37.6059 8.418 -6.4047 38.5964 -1.0
45.52 2.0635 -2.794 47.0878 -1.0
