54.0668 5.3691 -5.1981 15.2282 1.0
57.0651 5.6812 -5.5643 15.565 1.0
55.689 3.6872 -3.3815 12.9832 1.0
58.8215 3.4194 -2.9239 14.1641 1.0
70.2658 3.3262 -3.3711 15.9031 1.0
55.157 5.8007 -6.0821 14.5489 1.0
43.4214 3.2959 -4.7142 15.0414 1.0
86.5642 4.8788 -4.2559 15.9265 1.0
62.1733 3.4126 -2.9545 15.5918 1.0
37.4508 3.5564 -4.3026 12.3705 1.0
70.6819 2.6723 -5.9447 14.6895 1.0
33.5888 1.9718 -4.0527 14.3028 1.0
82.4711 3.5173 -7.6256 16.7319 1.0
42.5075 2.0513 -4.5627 13.9771 1.0
43.2869 1.9025 -5.3523 12.7711 -1.0
60.2657 3.1257 -5.9278 15.4475 -1.0
49.3908 3.614 -4.8394 15.7167 -1.0
45.7419 3.3466 -5.5923 13.8655 -1.0
44.4165 2.3469 -6.2105 13.754 -1.0
29.5378 2.5268 -3.7376 14.1199 -1.0
43.0286 2.4098 -5.9517 14.7087 -1.0
39.1767 2.5924 -5.8802 14.2785 -1.0
66.325 2.7319 -2.4868 15.2113 -1.0
43.3642 2.0467 -6.8079 14.4448 -1.0
51.9599 3.3271 -4.8158 15.6899 -1.0
56.0958 1.9583 -4.4165 14.6852 -1.0
55.9556 2.5195 -1.854 15.0321 -1.0
31.9019 2.7991 -4.6207 14.099 -1.0
42.5875 2.2036 -5.2439 14.317 -1.0
58.2946 2.7839 -2.6901 15.1274 -1.0
42.8343 2.3505 -6.4474 14.4813 -1.0
57.8003 2.7516 -3.107 15.2695 -1.0
34.7843 2.7685 -2.277 14.5767 -1.0
56.7449 3.1189 -4.6749 15.0943 -1.0
53.4667 3.7739 -3.7218 17.4554 -1.0
36.7657 3.8828 -2.9329 14.8344 -1.0
46.8868 3.5429 -4.2073 15.0289 -1.0
54.2295 4.2029 -3.0439 13.9153 -1.0
49.2018 3.1474 -4.5553 15.0699 -1.0
47.258 2.4451 -5.6723 14.7502 -1.0
35.7192 2.1846 -4.7307 14.5531 -1.0
57.7797 2.0482 -7.3192 14.195 -1.0
56.7547 3.6474 -5.4147 15.2101 -1.0
54.2789 3.0103 -6.3098 15.5388 -1.0
48.8581 2.1632 -2.4009 14.326 -1.0
66.4185 2.1949 -4.5703 16.5061 -1.0
45.1833 2.0329 -5.7369 14.3757 -1.0
48.5583 3.0937 -5.6124 15.0832 -1.0
74.6396 3.4482 -0.903 17.1487 -1.0
53.5132 2.8841 -2.762 14.9703 -1.0
34.0928 2.7485 -5.2497 13.8576 -1.0
44.8573 5.2483 -3.504 13.8893 -1.0
84.0806 4.6492 -10.3739 15.5477 -1.0
56.4103 3.3687 -5.9721 14.8075 -1.0
60.136 3.4102 -5.7562 15.6283 -1.0
66.7793 1.9822 -6.3717 14.1606 -1.0
71.7643 3.0849 -8.8813 15.3248 -1.0
79.5131 5.0201 -9.9113 12.7203 -1.0
110.0136 3.3921 -15.866 11.4518 -1.0
57.6906 3.1421 -7.1793 15.7446 -1.0
70.2645 3.1646 -4.3275 15.8968 -1.0
73.9368 2.8319 -8.4338 15.0378 -1.0
54.3909 3.0762 -5.5177 15.8446 -1.0
49.9509 2.0378 -3.7479 14.4271 -1.0
60.9432 2.7704 -5.8665 15.1448 -1.0
53.1771 3.3219 -3.3877 15.7099 -1.0
41.1292 1.5115 -2.8977 13.1231 -1.0
47.7546 3.9165 -2.8887 15.656 -1.0
61.9925 5.1205 -3.0868 15.1819 -1.0
49.695 2.0302 -4.7147 14.3017 -1.0
80.1775 2.3559 -3.8233 15.4468 -1.0
41.6589 3.2609 -3.6791 13.646 -1.0
59.1732 2.3369 -9.2028 16.2191 -1.0
47.2524 3.6006 -3.6395 15.3465 -1.0
6.3566 3.0292 -3.8438 15.306 -1.0
63.6185 2.5512 -3.2759 14.166 -1.0
47.4055 2.2454 -3.4307 13.1297 -1.0
49.2058 2.227 -4.3629 14.8258 -1.0
74.1988 3.1821 -2.9186 17.4549 -1.0
62.1395 2.7825 -6.0405 15.8879 1.0
62.4328 3.6822 -4.1451 13.3116 1.0
40.5881 6.0794 -5.7739 12.9962 1.0
50.6424 2.9054 -3.4101 17.4658 -1.0
32.5905 1.7922 -2.8873 16.3227 -1.0
39.9038 3.178 -3.5218 15.9349 1.0
32.0702 1.8501 -4.8672 15.3799 1.0
38.3184 6.5144 -4.4233 13.9533 1.0
72.5314 5.4658 -3.5876 14.5593 1.0
59.3968 2.3212 -2.3157 14.3299 -1.0
72.2153 8.1082 -9.3775 17.7218 1.0
73.0089 3.5878 -9.9861 14.6163 1.0
63.1025 3.7401 -5.988 13.3582 1.0
42.8947 9.2793 -4.7834 15.6691 1.0
39.9679 7.5557 -3.5804 15.849 1.0
27.0297 7.5147 -7.6444 12.7076 1.0
41.8457 2.4944 -5.1171 15.4751 1.0
77.2462 1.54 -4.7038 20.4039 -1.0
65.2532 3.6226 -2.1163 29.494 -1.0
66.3441 3.323 -8.0374 29.3282 -1.0
40.1472 1.9494 -4.7091 31.5957 -1.0
24.6172 4.1945 -3.5437 31.9525 -1.0
72.8512 2.0039 -3.5103 28.841 -1.0
59.2664 2.3961 -3.6678 33.3271 -1.0
49.0642 2.2191 -4.6046 25.606 -1.0
74.7895 2.4207 -3.0242 25.1772 -1.0
41.5464 2.0099 -3.8438 25.1632 -1.0
49.2031 2.4173 -1.8437 34.7708 -1.0
46.2897 3.2537 -2.8222 33.1361 -1.0
40.4213 1.7515 -4.2322 23.8836 -1.0
71.566 3.5888 -9.7594 30.9581 -1.0
51.3006 9.0316 -4.6083 27.9925 -1.0
62.1763 8.5889 -2.1629 26.8025 -1.0
37.7797 7.277 -7.2066 29.0106 -1.0
53.2447 2.6063 -3.7854 33.3261 -1.0
