198.8474 143.9927 45.2612 59.3926 47.1617 52.9903 51.6154 124.8639 1.0
140.618 263.5371 59.1835 28.6398 32.7299 60.8289 41.4622 147.2432 1.0
249.6856 227.9181 53.2301 82.8342 108.3869 95.2749 101.9004 175.601 1.0
167.5433 126.7496 26.5457 38.22 43.3946 54.3164 49.7761 160.4262 1.0
187.4907 326.6573 187.959 110.2028 121.1497 47.3032 113.8946 157.5851 1.0
183.9771 121.3426 73.3046 52.8627 45.3412 42.5208 43.9556 179.9321 1.0
197.9782 134.0964 46.2478 43.4359 55.9705 49.4274 51.0917 133.3784 1.0
147.5931 117.1179 69.4285 43.4377 39.3207 40.5306 26.7478 149.6622 1.0
142.846 112.6808 27.0921 46.9373 41.4809 54.9483 37.1067 183.7221 1.0
164.0774 94.2347 55.9023 37.4485 35.1998 52.2671 28.7727 80.1895 1.0
167.0067 129.197 84.2592 39.5167 45.8263 49.3646 53.0887 49.5023 1.0
185.2501 159.0263 36.5901 77.502 69.4237 58.9605 53.8374 102.7926 1.0
275.2823 135.8456 36.7251 41.3453 93.8534 62.3568 43.7893 179.9277 1.0
292.4722 173.5782 46.4902 38.8903 73.9764 78.2772 39.5625 80.4956 1.0
135.4521 115.2362 86.563 79.8954 43.5563 52.895 163.0723 99.2737 -1.0
162.2368 87.5832 57.9664 73.7642 47.8935 74.9962 67.4895 61.4574 -1.0
126.6932 93.2078 169.5905 65.2348 65.9066 42.4527 53.6067 142.963 -1.0
152.3418 121.8564 83.1142 43.8682 83.9414 53.8516 73.6538 65.4689 -1.0
133.1743 132.1383 167.7281 68.8945 66.5782 47.8522 55.7182 43.8125 -1.0
141.7281 162.7493 92.9021 73.3738 97.5721 55.8993 48.2489 63.3585 -1.0
136.5978 105.2688 95.2316 48.7429 37.9388 34.4517 89.2432 70.6253 -1.0
130.9174 93.2674 217.9893 22.5299 118.7387 70.082 113.7427 66.4689 -1.0
174.0364 72.0394 121.4501 28.3478 31.964 36.8561 34.7563 91.546 -1.0
161.0584 133.9886 93.3441 50.3494 46.4273 40.698 43.4783 71.6317 -1.0
170.6914 95.9194 72.4506 29.4622 33.1129 35.8471 38.9671 132.9235 -1.0
120.5953 89.4708 57.3891 42.2428 33.91 37.7812 78.3484 75.9391 -1.0
168.4037 131.0611 80.4723 53.413 45.0943 49.0279 43.0367 147.5757 -1.0
154.7766 120.0212 62.9045 49.8384 44.6197 41.8765 38.8676 139.4277 -1.0
187.7358 116.6573 46.2306 113.0463 108.1124 75.4498 103.4251 118.8645 -1.0
140.1681 92.4014 62.4284 24.6495 28.4227 64.7893 35.5691 54.5604 -1.0
139.4305 93.3536 45.4841 45.7189 33.499 47.998 52.6734 50.5212 -1.0
166.6127 103.0487 89.4092 34.8564 37.9876 51.2309 40.2638 45.9544 -1.0
148.7739 118.7024 82.4652 30.636 51.2616 40.987 41.639 60.3731 -1.0
178.9203 147.1909 56.2704 45.2521 54.7549 51.4777 50.4043 93.1321 -1.0
154.526 115.4148 54.2711 34.9878 37.5609 43.0065 46.5041 48.1804 -1.0
182.6971 139.6897 41.6625 57.8045 50.5839 53.9566 47.2682 174.693 -1.0
184.5324 145.7075 69.2982 63.0074 41.4768 57.7592 49.5166 89.8238 -1.0
202.2675 155.2577 73.1931 48.5862 60.9899 58.1001 54.7985 162.1098 -1.0
162.4055 99.64 66.8593 38.8814 35.677 31.3961 32.6533 105.728 -1.0
125.3346 138.9226 89.3801 44.1927 51.5047 31.9572 45.1778 65.4488 -1.0
165.14 103.4866 65.5637 30.9477 37.6679 40.3185 42.4392 43.9644 -1.0
156.7766 137.8379 78.3894 51.5439 45.479 57.7062 40.6564 86.3895 -1.0
165.3605 152.3422 29.4684 38.5194 52.9128 48.4677 44.3974 110.2077 -1.0
192.4347 133.9245 93.5743 56.5663 50.03 43.5471 45.4974 45.3172 -1.0
185.3694 145.98 47.5673 54.952 52.4784 48.806 46.414 145.0746 -1.0
152.1565 121.7273 81.4603 33.9548 37.508 47.5033 45.1503 173.1054 -1.0
167.5868 128.0786 65.5672 55.1994 48.2722 40.9338 43.9292 164.0415 -1.0
178.4916 140.532 63.5478 56.8358 42.8624 45.7417 47.5365 85.3073 -1.0
161.9914 124.8591 61.2468 39.769 43.2498 51.7664 48.3643 81.0338 -1.0
155.596 118.3777 18.0164 47.7447 37.9517 49.8201 42.5098 104.4367 -1.0
202.7523 140.6827 74.7932 49.8029 56.4373 52.3248 46.0483 58.7334 -1.0
166.0809 152.5327 231.2169 132.6368 125.0797 58.5348 114.451 55.9266 -1.0
173.8458 131.4286 96.7329 55.0623 43.0181 46.6568 47.9884 86.4047 -1.0
185.4477 139.2558 57.3379 56.7473 45.9739 51.1309 49.4444 92.0618 -1.0
207.8261 127.2363 70.5438 131.4285 118.2182 52.464 125.5194 170.6566 -1.0
100.1166 183.3011 49.8793 37.1561 35.4262 34.6873 82.7763 145.5868 -1.0
153.05 120.0623 58.7723 50.5423 38.3924 39.9531 40.9034 159.2002 -1.0
247.8398 160.4343 93.8533 51.8129 66.8473 63.6276 61.4381 100.8274 -1.0
126.6453 152.8535 67.3532 54.4522 65.8766 53.7231 64.1373 99.3247 -1.0
212.9009 76.5417 72.3693 29.3392 30.8596 30.3586 78.2462 72.1396 -1.0
185.4095 132.5739 59.6393 56.7495 49.1714 41.1882 44.9074 135.8675 -1.0
187.5059 137.0275 126.7967 39.4357 53.0978 48.9323 46.0008 162.8077 -1.0
189.7171 136.8673 84.3792 59.5697 48.7515 44.1253 40.9691 61.1402 -1.0
188.5823 162.4722 75.9637 50.6059 56.4041 54.9909 52.9446 80.7973 -1.0
154.4153 128.3159 147.7633 37.9764 47.7847 44.0923 41.4154 57.0818 -1.0
189.669 133.5819 83.9762 38.8134 48.415 52.803 56.7177 84.4255 -1.0
191.1281 131.7466 266.8296 42.5798 55.5413 49.0747 51.9294 161.9875 -1.0
205.264 156.9591 88.8522 62.6585 47.9544 52.4044 54.7597 146.5471 -1.0
187.8408 129.0407 39.2611 53.7794 50.5382 47.4006 45.4004 60.6505 -1.0
177.5399 147.936 127.7265 43.7523 52.5886 51.4093 46.774 69.8289 -1.0
142.5662 97.1273 46.8452 24.5831 30.5034 36.7841 38.436 132.4698 -1.0
150.9318 135.0904 82.2568 48.6705 43.9388 37.7398 39.6286 76.7275 -1.0
169.5783 132.3549 48.7821 55.799 40.2946 45.4106 46.5626 98.0832 -1.0
150.7046 107.2376 142.7357 33.8786 42.3813 38.7979 41.2374 131.088 -1.0
207.6889 154.5896 68.8732 49.3869 61.0756 56.2684 54.9906 143.5373 -1.0
181.2928 137.7322 73.8064 55.9666 45.1186 50.9007 48.989 164.1599 -1.0
155.4176 124.4646 23.8622 44.4445 40.8927 42.9009 41.8797 159.3374 -1.0
211.6141 172.7894 181.7202 42.9841 52.0057 65.1143 69.4924 145.0718 -1.0
148.4822 132.9528 83.4482 48.0862 61.1723 57.8427 58.9041 163.9258 -1.0
172.5302 133.1123 58.9983 53.8735 41.9774 45.4876 49.0189 86.8636 1.0
247.7132 218.1154 61.3792 96.5412 70.4629 54.2936 80.8737 50.9445 1.0
194.1622 139.3425 72.5828 46.7568 50.3596 57.919 55.4599 56.6806 1.0
150.9212 118.7925 92.0345 35.251 48.0304 59.0049 98.3463 130.9605 -1.0
208.2556 134.7617 74.3673 60.9827 34.1743 53.2467 74.2845 173.8931 -1.0
174.8146 137.5908 59.5658 57.9735 45.0534 47.786 49.7943 163.842 1.0
248.4989 221.9278 63.3932 98.3475 72.9575 85.994 84.9671 116.1555 1.0
196.8233 140.962 76.1609 51.3392 51.3184 62.8286 56.0662 59.1152 1.0
172.9793 134.5544 63.5714 56.247 42.2636 46.1997 49.8213 159.5879 1.0
242.5467 172.9894 46.9702 72.7709 64.7589 53.3141 57.62 121.0529 -1.0
185.6315 121.7662 76.362 55.832 46.8431 43.8496 47.5261 52.0459 1.0
202.5956 138.7677 49.517 44.4616 60.2755 51.6284 51.9738 80.8387 1.0
191.669 218.9404 67.2248 81.0699 67.4048 73.5067 76.3287 88.8761 1.0
152.3448 122.9257 132.7248 56.456 58.1478 26.4518 47.087 120.5582 1.0
151.5176 143.5558 51.6732 33.0644 48.7407 42.1328 40.9888 140.417 1.0
218.974 172.9559 72.8319 31.8043 57.6036 45.929 94.7333 66.9163 1.0
213.437 128.335 67.3212 32.5734 64.2156 44.2346 46.2379 142.8193 1.0
146.8535 169.9325 108.0745 81.993 26.2472 52.7558 69.2347 84.8728 -1.0
186.3278 173.8279 72.5923 58.9932 31.2904 53.6728 79.8921 120.3163 -1.0
238.9681 165.6354 64.942 46.7606 28.7356 59.9002 31.7428 169.7805 -1.0
152.238 137.1884 62.0462 84.457 24.9407 44.4357 86.2305 51.4702 -1.0
154.534 121.5809 63.8424 52.7513 40.7473 58.2888 32.0977 88.484 -1.0
189.0636 128.9766 82.5638 31.362 41.9424 52.7743 49.881 130.6472 -1.0
205.6167 169.9479 74.0037 59.0895 75.1936 69.2529 66.7969 113.0765 -1.0
189.0049 97.4043 69.6189 70.1094 69.5828 45.9914 57.1453 102.1809 -1.0
175.5276 124.9265 84.4367 44.3851 85.9971 54.1948 77.1225 51.3522 -1.0
196.8326 132.5733 70.2134 69.0358 69.4254 58.688 59.9347 86.8806 -1.0
193.8524 166.2604 93.0089 74.0691 100.588 68.7375 49.2206 49.7308 -1.0
189.0705 106.7959 98.925 50.721 38.783 38.5253 89.6342 106.0187 -1.0
154.3447 125.078 92.4589 25.6906 120.3101 49.5477 116.7749 117.5353 -1.0
178.7071 136.7057 126.0226 31.9742 36.5601 40.1832 37.2758 128.8314 -1.0
161.9825 136.0275 96.3364 50.6998 46.7797 43.6934 46.1441 131.8873 -1.0
173.4412 158.3762 75.6077 31.6991 37.5869 56.8019 43.9528 65.6916 -1.0
191.2046 120.2209 60.6661 43.0157 38.8321 58.7149 79.4146 80.411 -1.0
172.2925 132.6936 84.441 57.5311 47.2987 53.3669 45.2518 96.8479 -1.0
